0.00,11386.00,0.00,0.00,0.00,0.00,0.00,0.00,0.00
1.00,11385.95,0.01,0.04,0.00,0.00,0.00,0.00,0.00
2.00,11385.93,0.01,0.05,0.00,0.00,0.00,0.00,0.00
3.00,11385.92,0.01,0.05,0.00,0.01,0.00,0.00,0.00
4.00,11385.91,0.01,0.05,0.00,0.01,0.00,0.01,0.01
5.00,11385.90,0.01,0.05,0.00,0.02,0.00,0.01,0.01
6.00,11385.88,0.01,0.05,0.00,0.02,0.00,0.01,0.02
7.00,11385.87,0.01,0.06,0.00,0.02,0.00,0.01,0.03
8.00,11385.85,0.01,0.06,0.01,0.03,0.00,0.01,0.04
9.00,11385.83,0.01,0.07,0.01,0.03,0.00,0.01,0.05
10.00,11385.80,0.02,0.07,0.01,0.03,0.00,0.01,0.06
11.00,11385.78,0.02,0.08,0.01,0.04,0.00,0.01,0.07
12.00,11385.75,0.02,0.09,0.01,0.04,0.00,0.01,0.08
13.00,11385.72,0.02,0.10,0.01,0.05,0.00,0.01,0.10
14.00,11385.68,0.02,0.11,0.01,0.05,0.00,0.01,0.11
15.00,11385.64,0.03,0.12,0.01,0.06,0.00,0.01,0.13
16.00,11385.60,0.03,0.13,0.01,0.06,0.00,0.01,0.15
17.00,11385.56,0.03,0.14,0.01,0.07,0.00,0.02,0.17
18.00,11385.50,0.03,0.16,0.01,0.08,0.00,0.02,0.19
19.00,11385.45,0.04,0.17,0.02,0.09,0.01,0.02,0.21
20.00,11385.38,0.04,0.19,0.02,0.10,0.01,0.02,0.24
21.00,11385.32,0.05,0.21,0.02,0.11,0.01,0.02,0.27
22.00,11385.24,0.05,0.23,0.02,0.12,0.01,0.02,0.31
23.00,11385.15,0.06,0.26,0.02,0.13,0.01,0.03,0.34
24.00,11385.06,0.06,0.29,0.03,0.14,0.01,0.03,0.38
25.00,11384.96,0.07,0.31,0.03,0.16,0.01,0.03,0.43
26.00,11384.84,0.08,0.35,0.03,0.17,0.01,0.04,0.48
27.00,11384.72,0.09,0.38,0.04,0.19,0.01,0.04,0.53
28.00,11384.58,0.09,0.42,0.04,0.21,0.01,0.04,0.59
29.00,11384.42,0.10,0.47,0.04,0.24,0.01,0.05,0.66
30.00,11384.25,0.12,0.52,0.05,0.26,0.02,0.05,0.74
31.00,11384.06,0.13,0.57,0.05,0.29,0.02,0.06,0.82
32.00,11383.85,0.14,0.63,0.06,0.32,0.02,0.07,0.91
33.00,11383.62,0.16,0.70,0.07,0.35,0.02,0.07,1.01
34.00,11383.37,0.17,0.77,0.07,0.39,0.02,0.08,1.12
35.00,11383.09,0.19,0.85,0.08,0.43,0.03,0.09,1.24
36.00,11382.78,0.21,0.94,0.09,0.47,0.03,0.10,1.38
37.00,11382.43,0.23,1.04,0.10,0.52,0.03,0.11,1.53
38.00,11382.05,0.26,1.15,0.11,0.58,0.03,0.12,1.69
39.00,11381.64,0.28,1.28,0.12,0.64,0.04,0.13,1.88
40.00,11381.17,0.31,1.41,0.13,0.71,0.04,0.15,2.08
41.00,11380.66,0.35,1.56,0.14,0.78,0.05,0.16,2.30
42.00,11380.09,0.38,1.72,0.16,0.86,0.05,0.18,2.55
43.00,11379.47,0.42,1.90,0.18,0.95,0.06,0.20,2.82
44.00,11378.78,0.47,2.10,0.20,1.05,0.06,0.22,3.12
45.00,11378.01,0.52,2.32,0.22,1.16,0.07,0.24,3.46
46.00,11377.17,0.57,2.57,0.24,1.29,0.08,0.27,3.82
47.00,11376.23,0.63,2.84,0.26,1.42,0.08,0.30,4.23
48.00,11375.20,0.70,3.14,0.29,1.57,0.09,0.33,4.68
49.00,11374.06,0.77,3.47,0.32,1.74,0.10,0.37,5.18
50.00,11372.80,0.85,3.83,0.36,1.92,0.11,0.40,5.73
51.00,11371.41,0.94,4.23,0.39,2.12,0.12,0.45,6.33
52.00,11369.87,1.04,4.68,0.43,2.35,0.14,0.49,7.00
53.00,11368.17,1.15,5.17,0.48,2.59,0.15,0.54,7.74
54.00,11366.29,1.27,5.71,0.53,2.86,0.17,0.60,8.56
55.00,11364.22,1.40,6.31,0.59,3.17,0.18,0.67,9.47
56.00,11361.92,1.55,6.97,0.65,3.50,0.20,0.73,10.47
57.00,11359.39,1.71,7.71,0.72,3.87,0.23,0.81,11.57
58.00,11356.59,1.89,8.52,0.79,4.27,0.25,0.90,12.79
59.00,11353.50,2.09,9.41,0.87,4.72,0.28,0.99,14.14
60.00,11350.08,2.31,10.39,0.97,5.22,0.30,1.10,15.64
61.00,11346.30,2.55,11.48,1.07,5.76,0.34,1.21,17.28
62.00,11342.13,2.82,12.69,1.18,6.37,0.37,1.34,19.10
63.00,11337.53,3.11,14.02,1.30,7.04,0.41,1.48,21.11
64.00,11332.44,3.44,15.48,1.44,7.77,0.45,1.63,23.34
65.00,11326.83,3.80,17.10,1.59,8.59,0.50,1.80,25.79
66.00,11320.62,4.20,18.89,1.76,9.49,0.55,1.99,28.50
67.00,11313.77,4.63,20.86,1.94,10.48,0.61,2.20,31.50
68.00,11306.21,5.12,23.03,2.14,11.58,0.67,2.43,34.81
69.00,11297.87,5.65,25.43,2.37,12.79,0.75,2.68,38.46
70.00,11288.66,6.24,28.08,2.62,14.12,0.82,2.96,42.50
71.00,11278.49,6.89,31.00,2.89,15.60,0.91,3.27,46.96
72.00,11267.28,7.60,34.21,3.19,17.22,1.00,3.61,51.88
73.00,11254.90,8.39,37.76,3.52,19.02,1.11,3.99,57.32
74.00,11241.25,9.26,41.66,3.89,21.00,1.22,4.40,63.32
75.00,11226.21,10.21,45.96,4.29,23.18,1.35,4.85,69.94
76.00,11209.62,11.27,50.70,4.74,25.59,1.49,5.36,77.25
77.00,11191.33,12.42,55.91,5.23,28.24,1.64,5.91,85.32
78.00,11171.19,13.70,61.64,5.77,31.16,1.81,6.52,94.22
79.00,11149.00,15.10,67.94,6.37,34.38,2.00,7.18,104.04
80.00,11124.57,16.64,74.86,7.02,37.92,2.20,7.92,114.87
81.00,11097.68,18.33,82.46,7.74,41.82,2.42,8.73,126.82
82.00,11068.10,20.18,90.81,8.54,46.10,2.67,9.62,139.98
83.00,11035.58,22.21,99.95,9.41,50.82,2.94,10.59,154.49
84.00,10999.84,24.44,109.97,10.37,56.00,3.24,11.66,170.48
85.00,10960.59,26.88,120.94,11.42,61.69,3.56,12.83,188.09
86.00,10917.50,29.54,132.94,12.58,67.93,3.92,14.12,207.47
87.00,10870.25,32.45,146.03,13.85,74.78,4.31,15.52,228.81
88.00,10818.46,35.63,160.32,15.24,82.28,4.74,17.05,252.28
89.00,10761.75,39.09,175.89,16.76,90.50,5.20,18.73,278.09
90.00,10699.71,42.85,192.82,18.42,99.48,5.71,20.55,306.45
91.00,10631.92,46.94,211.21,20.24,109.29,6.26,22.54,337.61
92.00,10557.92,51.36,231.14,22.22,120.00,6.86,24.70,371.80
93.00,10477.24,56.15,252.69,24.38,131.67,7.51,27.04,409.30
94.00,10389.41,61.32,275.96,26.73,144.37,8.22,29.58,450.40
95.00,10293.93,66.89,301.01,29.29,158.16,8.98,32.32,495.41
96.00,10190.31,72.87,327.90,32.06,173.13,9.80,35.27,544.66
97.00,10078.05,79.27,356.70,35.06,189.32,10.68,38.45,598.48
98.00,9956.67,86.09,387.41,38.30,206.81,11.63,41.86,657.23
99.00,9825.70,93.35,420.07,41.79,225.66,12.64,45.50,721.30
100.00,9684.70,101.03,454.65,45.54,245.92,13.72,49.37,791.06
101.00,9533.29,109.13,491.09,49.56,267.64,14.86,53.49,866.93
102.00,9371.14,117.63,529.33,53.86,290.85,16.07,57.83,949.30
103.00,9197.97,126.49,569.21,58.44,315.57,17.33,62.41,1038.57
104.00,9013.62,135.68,610.58,63.30,341.80,18.66,67.19,1135.16
105.00,8818.02,145.15,653.20,68.43,369.53,20.05,72.16,1239.46
106.00,8611.23,154.84,696.78,73.83,398.71,21.47,77.31,1351.83
107.00,8393.43,164.66,740.98,79.49,429.27,22.94,82.59,1472.64
108.00,8164.97,174.53,785.40,85.39,461.11,24.44,87.97,1602.19
109.00,7926.36,184.35,829.59,91.50,494.09,25.95,93.40,1740.75
110.00,7678.28,194.01,873.03,97.79,528.05,27.46,98.84,1888.55
111.00,7421.59,203.37,915.16,104.22,562.78,28.95,104.22,2045.71
112.00,7157.30,212.31,955.40,110.75,598.03,30.41,109.48,2212.32
113.00,6886.62,220.70,993.14,117.32,633.51,31.82,114.55,2388.35
114.00,6610.90,228.39,1027.74,123.87,668.92,33.15,119.35,2573.68
115.00,6331.59,235.25,1058.62,130.35,703.89,34.39,123.81,2768.09
116.00,6050.28,241.16,1085.20,136.68,738.05,35.52,127.86,2971.25
117.00,5768.61,245.99,1106.97,142.78,771.01,36.51,131.43,3182.71
118.00,5488.24,249.66,1123.48,148.59,802.36,37.34,134.44,3401.89
119.00,5210.84,252.09,1134.39,154.02,831.70,38.01,136.84,3628.12
120.00,4938.01,253.21,1139.47,159.01,858.63,38.49,138.57,3860.61
121.00,4671.27,253.02,1138.58,163.48,882.78,38.78,139.62,4098.48
122.00,4412.00,251.50,1131.75,167.37,903.80,38.87,139.94,4340.76
123.00,4161.43,248.69,1119.12,170.63,921.42,38.76,139.54,4586.42
124.00,3920.63,244.65,1100.92,173.22,935.37,38.45,138.41,4834.36
125.00,3690.44,239.45,1077.54,175.09,945.48,37.94,136.59,5083.47
126.00,3471.53,233.21,1049.43,176.23,951.62,37.25,134.11,5332.62
127.00,3264.35,226.03,1017.13,176.62,953.76,36.39,131.02,5580.70
128.00,3069.16,218.05,981.23,176.28,951.90,35.38,127.37,5826.63
129.00,2886.04,209.41,942.36,175.21,946.13,34.23,123.24,6069.37
130.00,2714.92,200.25,901.14,173.44,936.60,32.97,118.71,6307.97
131.00,2555.58,190.71,858.21,171.02,923.50,31.62,113.83,6541.52
132.00,2407.68,180.93,814.18,167.98,907.09,30.20,108.70,6769.24
133.00,2270.80,171.02,769.60,164.38,887.65,28.72,103.39,6990.44
134.00,2144.44,161.11,724.98,160.28,865.49,27.21,97.97,7204.51
135.00,2028.05,151.29,680.79,155.73,840.96,25.70,92.51,7410.97
136.00,1921.05,141.65,637.42,150.81,814.39,24.18,87.06,7609.44
137.00,1822.84,132.27,595.19,145.58,786.14,22.69,81.68,7799.61
138.00,1732.82,123.20,554.39,140.10,756.55,21.23,76.41,7981.31
139.00,1650.40,114.49,515.21,134.43,725.95,19.81,71.30,8154.42
140.00,1575.01,106.18,477.81,128.64,694.65,18.44,66.37,8318.91
141.00,1506.09,98.29,442.31,122.77,662.95,17.12,61.64,8474.82
142.00,1443.13,90.84,408.77,116.87,631.12,15.87,57.14,8622.26
143.00,1385.63,83.82,377.20,111.00,599.39,14.69,52.87,8761.39
144.00,1333.12,77.25,347.62,105.18,567.99,13.57,48.84,8892.42
145.00,1285.19,71.11,319.99,99.46,537.10,12.52,45.06,9015.57
146.00,1241.42,65.39,294.26,93.87,506.89,11.53,41.51,9131.12
147.00,1201.46,60.08,270.37,88.42,477.48,10.61,38.20,9239.37
148.00,1164.98,55.16,248.23,83.15,448.99,9.76,35.12,9340.62
149.00,1131.65,50.61,227.76,78.06,421.51,8.96,32.27,9435.18
150.00,1101.21,46.42,208.87,73.17,395.10,8.23,29.62,9523.40
151.00,1073.38,42.55,191.46,68.48,369.81,7.55,27.17,9605.58
152.00,1047.96,38.99,175.45,64.01,345.68,6.92,24.92,9682.07
153.00,1024.70,35.72,160.73,59.76,322.71,6.34,22.84,9753.19
154.00,1003.44,32.72,147.22,55.73,300.92,5.81,20.93,9819.24
155.00,983.98,29.96,134.83,51.91,280.29,5.33,19.17,9880.53
156.00,966.17,27.44,123.47,48.30,260.81,4.88,17.56,9937.37
157.00,949.87,25.13,113.07,44.90,242.46,4.47,16.08,9990.03
158.00,934.93,23.01,103.54,41.70,225.20,4.09,14.73,10038.80
159.00,921.25,21.07,94.82,38.70,208.99,3.75,13.49,10083.92
160.00,908.72,19.30,86.84,35.89,193.81,3.43,12.35,10125.65
161.00,897.23,17.68,79.54,33.26,179.61,3.14,11.31,10164.23
162.00,886.69,16.19,72.87,30.80,166.33,2.88,10.36,10199.87
163.00,877.03,14.84,66.76,28.51,153.95,2.64,9.49,10232.79
164.00,868.16,13.59,61.18,26.37,142.41,2.42,8.69,10263.18
165.00,860.03,12.46,56.07,24.38,131.67,2.21,7.97,10291.22
166.00,852.56,11.42,51.39,22.53,121.68,2.03,7.30,10317.09
167.00,845.71,10.47,47.12,20.81,112.40,1.86,6.69,10340.94
168.00,839.41,9.60,43.21,19.22,103.78,1.70,6.13,10362.94
169.00,833.64,8.81,39.63,17.74,95.80,1.56,5.62,10383.21
170.00,828.33,8.08,36.35,16.37,88.39,1.43,5.16,10401.89
171.00,823.45,7.41,33.35,15.10,81.54,1.31,4.73,10419.11
172.00,818.97,6.80,30.60,13.92,75.19,1.21,4.34,10434.97
173.00,814.85,6.24,28.08,12.84,69.33,1.11,3.98,10449.57
174.00,811.07,5.73,25.78,11.83,63.90,1.01,3.65,10463.02
175.00,807.59,5.26,23.67,10.91,58.89,0.93,3.35,10475.40
176.00,804.39,4.83,21.73,10.05,54.26,0.85,3.08,10486.81
177.00,801.45,4.44,19.96,9.26,49.98,0.78,2.83,10497.30
178.00,798.75,4.07,18.33,8.53,46.04,0.72,2.59,10506.96
179.00,796.27,3.74,16.84,7.85,42.40,0.66,2.38,10515.86
180.00,793.98,3.44,15.47,7.23,39.04,0.61,2.19,10524.04
181.00,791.88,3.16,14.22,6.66,35.95,0.56,2.01,10531.57
182.00,789.95,2.90,13.06,6.13,33.09,0.51,1.85,10538.51
183.00,788.17,2.67,12.01,5.64,30.46,0.47,1.70,10544.88
184.00,786.53,2.45,11.04,5.19,28.04,0.43,1.56,10550.75
185.00,785.03,2.25,10.14,4.78,25.81,0.40,1.43,10556.15
186.00,783.64,2.07,9.33,4.40,23.75,0.37,1.32,10561.12
187.00,782.37,1.91,8.57,4.05,21.86,0.34,1.21,10565.69
188.00,781.20,1.75,7.88,3.73,20.12,0.31,1.11,10569.90
189.00,780.12,1.61,7.25,3.43,18.51,0.28,1.02,10573.77
190.00,779.13,1.48,6.67,3.15,17.03,0.26,0.94,10577.33
191.00,778.22,1.36,6.13,2.90,15.67,0.24,0.87,10580.61
192.00,777.38,1.25,5.64,2.67,14.42,0.22,0.80,10583.62
193.00,776.60,1.15,5.19,2.46,13.27,0.20,0.73,10586.39
194.00,775.89,1.06,4.77,2.26,12.21,0.19,0.67,10588.94
195.00,775.24,0.98,4.39,2.08,11.23,0.17,0.62,10591.29
196.00,774.64,0.90,4.04,1.91,10.34,0.16,0.57,10593.45
197.00,774.08,0.83,3.72,1.76,9.51,0.15,0.52,10595.44
198.00,773.57,0.76,3.42,1.62,8.75,0.13,0.48,10597.26
199.00,773.10,0.70,3.15,1.49,8.05,0.12,0.44,10598.95
200.00,772.67,0.64,2.89,1.37,7.41,0.11,0.41,10600.49
201.00,772.27,0.59,2.66,1.26,6.82,0.10,0.38,10601.92
202.00,771.91,0.54,2.45,1.16,6.27,0.10,0.35,10603.23
203.00,771.57,0.50,2.25,1.07,5.77,0.09,0.32,10604.43
204.00,771.26,0.46,2.07,0.98,5.31,0.08,0.29,10605.54
205.00,770.97,0.42,1.91,0.90,4.88,0.07,0.27,10606.56
206.00,770.71,0.39,1.76,0.83,4.49,0.07,0.25,10607.50
207.00,770.47,0.36,1.62,0.77,4.14,0.06,0.23,10608.36
208.00,770.25,0.33,1.49,0.70,3.80,0.06,0.21,10609.16
209.00,770.04,0.30,1.37,0.65,3.50,0.05,0.19,10609.89
210.00,769.85,0.28,1.26,0.60,3.22,0.05,0.18,10610.56
211.00,769.68,0.26,1.16,0.55,2.96,0.05,0.16,10611.18
212.00,769.52,0.24,1.07,0.51,2.73,0.04,0.15,10611.75
213.00,769.37,0.22,0.98,0.46,2.51,0.04,0.14,10612.28
214.00,769.24,0.20,0.90,0.43,2.31,0.04,0.13,10612.76
215.00,769.11,0.19,0.83,0.39,2.13,0.03,0.12,10613.20
216.00,769.00,0.17,0.77,0.36,1.96,0.03,0.11,10613.61
217.00,768.89,0.16,0.71,0.33,1.80,0.03,0.10,10613.99
218.00,768.79,0.14,0.65,0.31,1.66,0.03,0.09,10614.33
219.00,768.70,0.13,0.60,0.28,1.52,0.02,0.08,10614.65
220.00,768.62,0.12,0.55,0.26,1.40,0.02,0.08,10614.94
221.00,768.55,0.11,0.51,0.24,1.29,0.02,0.07,10615.21
222.00,768.48,0.10,0.47,0.22,1.19,0.02,0.07,10615.46
223.00,768.41,0.10,0.43,0.20,1.09,0.02,0.06,10615.69
224.00,768.35,0.09,0.39,0.19,1.01,0.02,0.06,10615.90
225.00,768.30,0.08,0.36,0.17,0.93,0.01,0.05,10616.09
226.00,768.25,0.07,0.33,0.16,0.85,0.01,0.05,10616.27
227.00,768.20,0.07,0.31,0.15,0.78,0.01,0.04,10616.44
228.00,768.16,0.06,0.28,0.13,0.72,0.01,0.04,10616.59
229.00,768.12,0.06,0.26,0.12,0.66,0.01,0.04,10616.73
230.00,768.08,0.05,0.24,0.11,0.61,0.01,0.03,10616.85
231.00,768.05,0.05,0.22,0.10,0.56,0.01,0.03,10616.97
232.00,768.02,0.05,0.20,0.10,0.52,0.01,0.03,10617.08
233.00,767.99,0.04,0.19,0.09,0.48,0.01,0.03,10617.18
234.00,767.97,0.04,0.17,0.08,0.44,0.01,0.02,10617.27
235.00,767.94,0.04,0.16,0.07,0.40,0.01,0.02,10617.36
236.00,767.92,0.03,0.15,0.07,0.37,0.01,0.02,10617.43
237.00,767.90,0.03,0.13,0.06,0.34,0.01,0.02,10617.50
238.00,767.88,0.03,0.12,0.06,0.31,0.00,0.02,10617.57
239.00,767.87,0.03,0.11,0.05,0.29,0.00,0.02,10617.63
240.00,767.85,0.02,0.11,0.05,0.27,0.00,0.01,10617.69
241.00,767.84,0.02,0.10,0.05,0.25,0.00,0.01,10617.74
242.00,767.82,0.02,0.09,0.04,0.23,0.00,0.01,10617.79
243.00,767.81,0.02,0.08,0.04,0.21,0.00,0.01,10617.83
244.00,767.80,0.02,0.08,0.04,0.19,0.00,0.01,10617.87
245.00,767.79,0.02,0.07,0.03,0.18,0.00,0.01,10617.91
246.00,767.78,0.01,0.06,0.03,0.16,0.00,0.01,10617.94
247.00,767.77,0.01,0.06,0.03,0.15,0.00,0.01,10617.97
248.00,767.76,0.01,0.05,0.03,0.14,0.00,0.01,10618.00
249.00,767.75,0.01,0.05,0.02,0.13,0.00,0.01,10618.03
250.00,767.75,0.01,0.05,0.02,0.12,0.00,0.01,10618.05
251.00,767.74,0.01,0.04,0.02,0.11,0.00,0.01,10618.07
252.00,767.73,0.01,0.04,0.02,0.10,0.00,0.01,10618.09
253.00,767.73,0.01,0.04,0.02,0.09,0.00,0.01,10618.11
254.00,767.72,0.01,0.03,0.02,0.08,0.00,0.00,10618.13
255.00,767.72,0.01,0.03,0.01,0.08,0.00,0.00,10618.15
256.00,767.72,0.01,0.03,0.01,0.07,0.00,0.00,10618.16
257.00,767.71,0.01,0.03,0.01,0.07,0.00,0.00,10618.17
258.00,767.71,0.01,0.02,0.01,0.06,0.00,0.00,10618.19
259.00,767.71,0.00,0.02,0.01,0.06,0.00,0.00,10618.20
260.00,767.70,0.00,0.02,0.01,0.05,0.00,0.00,10618.21
261.00,767.70,0.00,0.02,0.01,0.05,0.00,0.00,10618.22
262.00,767.70,0.00,0.02,0.01,0.04,0.00,0.00,10618.23
263.00,767.69,0.00,0.02,0.01,0.04,0.00,0.00,10618.24
264.00,767.69,0.00,0.01,0.01,0.04,0.00,0.00,10618.24
265.00,767.69,0.00,0.01,0.01,0.03,0.00,0.00,10618.25
266.00,767.69,0.00,0.01,0.01,0.03,0.00,0.00,10618.26
267.00,767.69,0.00,0.01,0.01,0.03,0.00,0.00,10618.26
268.00,767.69,0.00,0.01,0.00,0.03,0.00,0.00,10618.27
269.00,767.68,0.00,0.01,0.00,0.02,0.00,0.00,10618.27
270.00,767.68,0.00,0.01,0.00,0.02,0.00,0.00,10618.28
271.00,767.68,0.00,0.01,0.00,0.02,0.00,0.00,10618.28
272.00,767.68,0.00,0.01,0.00,0.02,0.00,0.00,10618.29
273.00,767.68,0.00,0.01,0.00,0.02,0.00,0.00,10618.29
274.00,767.68,0.00,0.01,0.00,0.02,0.00,0.00,10618.29
275.00,767.68,0.00,0.01,0.00,0.01,0.00,0.00,10618.30
276.00,767.68,0.00,0.01,0.00,0.01,0.00,0.00,10618.30
277.00,767.68,0.00,0.00,0.00,0.01,0.00,0.00,10618.30
278.00,767.68,0.00,0.00,0.00,0.01,0.00,0.00,10618.30
279.00,767.67,0.00,0.00,0.00,0.01,0.00,0.00,10618.31
280.00,767.67,0.00,0.00,0.00,0.01,0.00,0.00,10618.31
281.00,767.67,0.00,0.00,0.00,0.01,0.00,0.00,10618.31
282.00,767.67,0.00,0.00,0.00,0.01,0.00,0.00,10618.31
283.00,767.67,0.00,0.00,0.00,0.01,0.00,0.00,10618.31
284.00,767.67,0.00,0.00,0.00,0.01,0.00,0.00,10618.32
285.00,767.67,0.00,0.00,0.00,0.01,0.00,0.00,10618.32
286.00,767.67,0.00,0.00,0.00,0.01,0.00,0.00,10618.32
287.00,767.67,0.00,0.00,0.00,0.01,0.00,0.00,10618.32
288.00,767.67,0.00,0.00,0.00,0.01,0.00,0.00,10618.32
289.00,767.67,0.00,0.00,0.00,0.00,0.00,0.00,10618.32
290.00,767.67,0.00,0.00,0.00,0.00,0.00,0.00,10618.32
291.00,767.67,0.00,0.00,0.00,0.00,0.00,0.00,10618.32
292.00,767.67,0.00,0.00,0.00,0.00,0.00,0.00,10618.32
293.00,767.67,0.00,0.00,0.00,0.00,0.00,0.00,10618.32
294.00,767.67,0.00,0.00,0.00,0.00,0.00,0.00,10618.33
295.00,767.67,0.00,0.00,0.00,0.00,0.00,0.00,10618.33
296.00,767.67,0.00,0.00,0.00,0.00,0.00,0.00,10618.33
297.00,767.67,0.00,0.00,0.00,0.00,0.00,0.00,10618.33
298.00,767.67,0.00,0.00,0.00,0.00,0.00,0.00,10618.33
299.00,767.67,0.00,0.00,0.00,0.00,0.00,0.00,10618.33
300.00,767.67,0.00,0.00,0.00,0.00,0.00,0.00,10618.33
301.00,767.67,0.00,0.00,0.00,0.00,0.00,0.00,10618.33
302.00,767.67,0.00,0.00,0.00,0.00,0.00,0.00,10618.33
303.00,767.67,0.00,0.00,0.00,0.00,0.00,0.00,10618.33
304.00,767.67,0.00,0.00,0.00,0.00,0.00,0.00,10618.33
305.00,767.67,0.00,0.00,0.00,0.00,0.00,0.00,10618.33
306.00,767.67,0.00,0.00,0.00,0.00,0.00,0.00,10618.33
307.00,767.67,0.00,0.00,0.00,0.00,0.00,0.00,10618.33
308.00,767.67,0.00,0.00,0.00,0.00,0.00,0.00,10618.33
309.00,767.67,0.00,0.00,0.00,0.00,0.00,0.00,10618.33
310.00,767.67,0.00,0.00,0.00,0.00,0.00,0.00,10618.33
311.00,767.67,0.00,0.00,0.00,0.00,0.00,0.00,10618.33
312.00,767.67,0.00,0.00,0.00,0.00,0.00,0.00,10618.33
313.00,767.67,0.00,0.00,0.00,0.00,0.00,0.00,10618.33
314.00,767.67,0.00,0.00,0.00,0.00,0.00,0.00,10618.33
315.00,767.67,0.00,0.00,0.00,0.00,0.00,0.00,10618.33
316.00,767.67,0.00,0.00,0.00,0.00,0.00,0.00,10618.33
317.00,767.67,0.00,0.00,0.00,0.00,0.00,0.00,10618.33
318.00,767.67,0.00,0.00,0.00,0.00,0.00,0.00,10618.33
319.00,767.67,0.00,0.00,0.00,0.00,0.00,0.00,10618.33
320.00,767.67,0.00,0.00,0.00,0.00,0.00,0.00,10618.33
321.00,767.67,0.00,0.00,0.00,0.00,0.00,0.00,10618.33
322.00,767.67,0.00,0.00,0.00,0.00,0.00,0.00,10618.33
323.00,767.67,0.00,0.00,0.00,0.00,0.00,0.00,10618.33
324.00,767.67,0.00,0.00,0.00,0.00,0.00,0.00,10618.33
325.00,767.67,0.00,0.00,0.00,0.00,0.00,0.00,10618.33
326.00,767.67,0.00,0.00,0.00,0.00,0.00,0.00,10618.33
327.00,767.67,0.00,0.00,0.00,0.00,0.00,0.00,10618.33
328.00,767.67,0.00,0.00,0.00,0.00,0.00,0.00,10618.33
329.00,767.67,0.00,0.00,0.00,0.00,0.00,0.00,10618.33
330.00,767.67,0.00,0.00,0.00,0.00,0.00,0.00,10618.33
331.00,767.67,0.00,0.00,0.00,0.00,0.00,0.00,10618.33
332.00,767.67,0.00,0.00,0.00,0.00,0.00,0.00,10618.33
333.00,767.67,0.00,0.00,0.00,0.00,0.00,0.00,10618.33
334.00,767.67,0.00,0.00,0.00,0.00,0.00,0.00,10618.33
335.00,767.67,0.00,0.00,0.00,0.00,0.00,0.00,10618.33
336.00,767.67,0.00,0.00,0.00,0.00,0.00,0.00,10618.33
337.00,767.67,0.00,0.00,0.00,0.00,0.00,0.00,10618.33
338.00,767.67,0.00,0.00,0.00,0.00,0.00,0.00,10618.33
339.00,767.67,0.00,0.00,0.00,0.00,0.00,0.00,10618.33
340.00,767.67,0.00,0.00,0.00,0.00,0.00,0.00,10618.33
341.00,767.67,0.00,0.00,0.00,0.00,0.00,0.00,10618.33
342.00,767.67,0.00,0.00,0.00,0.00,0.00,0.00,10618.33
343.00,767.67,0.00,0.00,0.00,0.00,0.00,0.00,10618.33
344.00,767.67,0.00,0.00,0.00,0.00,0.00,0.00,10618.33
345.00,767.67,0.00,0.00,0.00,0.00,0.00,0.00,10618.33
346.00,767.67,0.00,0.00,0.00,0.00,0.00,0.00,10618.33
347.00,767.67,0.00,0.00,0.00,0.00,0.00,0.00,10618.33
348.00,767.67,0.00,0.00,0.00,0.00,0.00,0.00,10618.33
349.00,767.67,0.00,0.00,0.00,0.00,0.00,0.00,10618.33
350.00,767.67,0.00,0.00,0.00,0.00,0.00,0.00,10618.33
351.00,767.67,0.00,0.00,0.00,0.00,0.00,0.00,10618.33
352.00,767.67,0.00,0.00,0.00,0.00,0.00,0.00,10618.33
353.00,767.67,0.00,0.00,0.00,0.00,0.00,0.00,10618.33
354.00,767.67,0.00,0.00,0.00,0.00,0.00,0.00,10618.33
355.00,767.67,0.00,0.00,0.00,0.00,0.00,0.00,10618.33
356.00,767.67,0.00,0.00,0.00,0.00,0.00,0.00,10618.33
357.00,767.67,0.00,0.00,0.00,0.00,0.00,0.00,10618.33
358.00,767.67,0.00,0.00,0.00,0.00,0.00,0.00,10618.33
359.00,767.67,0.00,0.00,0.00,0.00,0.00,0.00,10618.33
360.00,767.67,0.00,0.00,0.00,0.00,0.00,0.00,10618.33
361.00,767.67,0.00,0.00,0.00,0.00,0.00,0.00,10618.33
362.00,767.67,0.00,0.00,0.00,0.00,0.00,0.00,10618.33
363.00,767.67,0.00,0.00,0.00,0.00,0.00,0.00,10618.33
364.00,767.67,0.00,0.00,0.00,0.00,0.00,0.00,10618.33
365.00,767.67,0.00,0.00,0.00,0.00,0.00,0.00,10618.33
366.00,767.67,0.00,0.00,0.00,0.00,0.00,0.00,10618.33
367.00,767.67,0.00,0.00,0.00,0.00,0.00,0.00,10618.33
368.00,767.67,0.00,0.00,0.00,0.00,0.00,0.00,10618.33
369.00,767.67,0.00,0.00,0.00,0.00,0.00,0.00,10618.33
370.00,767.67,0.00,0.00,0.00,0.00,0.00,0.00,10618.33
371.00,767.67,0.00,0.00,0.00,0.00,0.00,0.00,10618.33
372.00,767.67,0.00,0.00,0.00,0.00,0.00,0.00,10618.33
373.00,767.67,0.00,0.00,0.00,0.00,0.00,0.00,10618.33
374.00,767.67,0.00,0.00,0.00,0.00,0.00,0.00,10618.33
375.00,767.67,0.00,0.00,0.00,0.00,0.00,0.00,10618.33
376.00,767.67,0.00,0.00,0.00,0.00,0.00,0.00,10618.33
377.00,767.67,0.00,0.00,0.00,0.00,0.00,0.00,10618.33
378.00,767.67,0.00,0.00,0.00,0.00,0.00,0.00,10618.33
379.00,767.67,0.00,0.00,0.00,0.00,0.00,0.00,10618.33
380.00,767.67,0.00,0.00,0.00,0.00,0.00,0.00,10618.33
381.00,767.67,0.00,0.00,0.00,0.00,0.00,0.00,10618.33
382.00,767.67,0.00,0.00,0.00,0.00,0.00,0.00,10618.33
383.00,767.67,0.00,0.00,0.00,0.00,0.00,0.00,10618.33
384.00,767.67,0.00,0.00,0.00,0.00,0.00,0.00,10618.33
385.00,767.67,0.00,0.00,0.00,0.00,0.00,0.00,10618.33
386.00,767.67,0.00,0.00,0.00,0.00,0.00,0.00,10618.33
387.00,767.67,0.00,0.00,0.00,0.00,0.00,0.00,10618.33
388.00,767.67,0.00,0.00,0.00,0.00,0.00,0.00,10618.33
389.00,767.67,0.00,0.00,0.00,0.00,0.00,0.00,10618.33
390.00,767.67,0.00,0.00,0.00,0.00,0.00,0.00,10618.33
391.00,767.67,0.00,0.00,0.00,0.00,0.00,0.00,10618.33
392.00,767.67,0.00,0.00,0.00,0.00,0.00,0.00,10618.33
393.00,767.67,0.00,0.00,0.00,0.00,0.00,0.00,10618.33
394.00,767.67,0.00,0.00,0.00,0.00,0.00,0.00,10618.33
395.00,767.67,0.00,0.00,0.00,0.00,0.00,0.00,10618.33
396.00,767.67,0.00,0.00,0.00,0.00,0.00,0.00,10618.33
397.00,767.67,0.00,0.00,0.00,0.00,0.00,0.00,10618.33
398.00,767.67,0.00,0.00,0.00,0.00,0.00,0.00,10618.33
399.00,767.67,0.00,0.00,0.00,0.00,0.00,0.00,10618.33
400.00,767.67,0.00,0.00,0.00,0.00,0.00,0.00,10618.33
401.00,767.67,0.00,0.00,0.00,0.00,0.00,0.00,10618.33
402.00,767.67,0.00,0.00,0.00,0.00,0.00,0.00,10618.33
403.00,767.67,0.00,0.00,0.00,0.00,0.00,0.00,10618.33
404.00,767.67,0.00,0.00,0.00,0.00,0.00,0.00,10618.33
405.00,767.67,0.00,0.00,0.00,0.00,0.00,0.00,10618.33
406.00,767.67,0.00,0.00,0.00,0.00,0.00,0.00,10618.33
407.00,767.67,0.00,0.00,0.00,0.00,0.00,0.00,10618.33
408.00,767.67,0.00,0.00,0.00,0.00,0.00,0.00,10618.33
409.00,767.67,0.00,0.00,0.00,0.00,0.00,0.00,10618.33
410.00,767.67,0.00,0.00,0.00,0.00,0.00,0.00,10618.33
411.00,767.67,0.00,0.00,0.00,0.00,0.00,0.00,10618.33
412.00,767.67,0.00,0.00,0.00,0.00,0.00,0.00,10618.33
413.00,767.67,0.00,0.00,0.00,0.00,0.00,0.00,10618.33
414.00,767.67,0.00,0.00,0.00,0.00,0.00,0.00,10618.33
415.00,767.67,0.00,0.00,0.00,0.00,0.00,0.00,10618.33
416.00,767.67,0.00,0.00,0.00,0.00,0.00,0.00,10618.33
417.00,767.67,0.00,0.00,0.00,0.00,0.00,0.00,10618.33
418.00,767.67,0.00,0.00,0.00,0.00,0.00,0.00,10618.33
419.00,767.67,0.00,0.00,0.00,0.00,0.00,0.00,10618.33
420.00,767.67,0.00,0.00,0.00,0.00,0.00,0.00,10618.33
421.00,767.67,0.00,0.00,0.00,0.00,0.00,0.00,10618.33
422.00,767.67,0.00,0.00,0.00,0.00,0.00,0.00,10618.33
423.00,767.67,0.00,0.00,0.00,0.00,0.00,0.00,10618.33
424.00,767.67,0.00,0.00,0.00,0.00,0.00,0.00,10618.33
425.00,767.67,0.00,0.00,0.00,0.00,0.00,0.00,10618.33
426.00,767.67,0.00,0.00,0.00,0.00,0.00,0.00,10618.33
427.00,767.67,0.00,0.00,0.00,0.00,0.00,0.00,10618.33
428.00,767.67,0.00,0.00,0.00,0.00,0.00,0.00,10618.33
429.00,767.67,0.00,0.00,0.00,0.00,0.00,0.00,10618.33
430.00,767.67,0.00,0.00,0.00,0.00,0.00,0.00,10618.33
431.00,767.67,0.00,0.00,0.00,0.00,0.00,0.00,10618.33
432.00,767.67,0.00,0.00,0.00,0.00,0.00,0.00,10618.33
433.00,767.67,0.00,0.00,0.00,0.00,0.00,0.00,10618.33
434.00,767.67,0.00,0.00,0.00,0.00,0.00,0.00,10618.33
435.00,767.67,0.00,0.00,0.00,0.00,0.00,0.00,10618.33
436.00,767.67,0.00,0.00,0.00,0.00,0.00,0.00,10618.33
437.00,767.67,0.00,0.00,0.00,0.00,0.00,0.00,10618.33
438.00,767.67,0.00,0.00,0.00,0.00,0.00,0.00,10618.33
439.00,767.67,0.00,0.00,0.00,0.00,0.00,0.00,10618.33
440.00,767.67,0.00,0.00,0.00,0.00,0.00,0.00,10618.33
441.00,767.67,0.00,0.00,0.00,0.00,0.00,0.00,10618.33
442.00,767.67,0.00,0.00,0.00,0.00,0.00,0.00,10618.33
443.00,767.67,0.00,0.00,0.00,0.00,0.00,0.00,10618.33
444.00,767.67,0.00,0.00,0.00,0.00,0.00,0.00,10618.33
445.00,767.67,0.00,0.00,0.00,0.00,0.00,0.00,10618.33
446.00,767.67,0.00,0.00,0.00,0.00,0.00,0.00,10618.33
447.00,767.67,0.00,0.00,0.00,0.00,0.00,0.00,10618.33
448.00,767.67,0.00,0.00,0.00,0.00,0.00,0.00,10618.33
449.00,767.67,0.00,0.00,0.00,0.00,0.00,0.00,10618.33
450.00,767.67,0.00,0.00,0.00,0.00,0.00,0.00,10618.33
451.00,767.67,0.00,0.00,0.00,0.00,0.00,0.00,10618.33
452.00,767.67,0.00,0.00,0.00,0.00,0.00,0.00,10618.33
453.00,767.67,0.00,0.00,0.00,0.00,0.00,0.00,10618.33
454.00,767.67,0.00,0.00,0.00,0.00,0.00,0.00,10618.33
455.00,767.67,0.00,0.00,0.00,0.00,0.00,0.00,10618.33
456.00,767.67,0.00,0.00,0.00,0.00,0.00,0.00,10618.33
457.00,767.67,0.00,0.00,0.00,0.00,0.00,0.00,10618.33
458.00,767.67,0.00,0.00,0.00,0.00,0.00,0.00,10618.33
459.00,767.67,0.00,0.00,0.00,0.00,0.00,0.00,10618.33
460.00,767.67,0.00,0.00,0.00,0.00,0.00,0.00,10618.33
461.00,767.67,0.00,0.00,0.00,0.00,0.00,0.00,10618.33
462.00,767.67,0.00,0.00,0.00,0.00,0.00,0.00,10618.33
463.00,767.67,0.00,0.00,0.00,0.00,0.00,0.00,10618.33
464.00,767.67,0.00,0.00,0.00,0.00,0.00,0.00,10618.33
465.00,767.67,0.00,0.00,0.00,0.00,0.00,0.00,10618.33
466.00,767.67,0.00,0.00,0.00,0.00,0.00,0.00,10618.33
467.00,767.67,0.00,0.00,0.00,0.00,0.00,0.00,10618.33
468.00,767.67,0.00,0.00,0.00,0.00,0.00,0.00,10618.33
469.00,767.67,0.00,0.00,0.00,0.00,0.00,0.00,10618.33
470.00,767.67,0.00,0.00,0.00,0.00,0.00,0.00,10618.33
471.00,767.67,0.00,0.00,0.00,0.00,0.00,0.00,10618.33
472.00,767.67,0.00,0.00,0.00,0.00,0.00,0.00,10618.33
473.00,767.67,0.00,0.00,0.00,0.00,0.00,0.00,10618.33
474.00,767.67,0.00,0.00,0.00,0.00,0.00,0.00,10618.33
475.00,767.67,0.00,0.00,0.00,0.00,0.00,0.00,10618.33
476.00,767.67,0.00,0.00,0.00,0.00,0.00,0.00,10618.33
477.00,767.67,0.00,0.00,0.00,0.00,0.00,0.00,10618.33
478.00,767.67,0.00,0.00,0.00,0.00,0.00,0.00,10618.33
479.00,767.67,0.00,0.00,0.00,0.00,0.00,0.00,10618.33
480.00,767.67,0.00,0.00,0.00,0.00,0.00,0.00,10618.33
481.00,767.67,0.00,0.00,0.00,0.00,0.00,0.00,10618.33
482.00,767.67,0.00,0.00,0.00,0.00,0.00,0.00,10618.33
483.00,767.67,0.00,0.00,0.00,0.00,0.00,0.00,10618.33
484.00,767.67,0.00,0.00,0.00,0.00,0.00,0.00,10618.33
485.00,767.67,0.00,0.00,0.00,0.00,0.00,0.00,10618.33
486.00,767.67,0.00,0.00,0.00,0.00,0.00,0.00,10618.33
487.00,767.67,0.00,0.00,0.00,0.00,0.00,0.00,10618.33
488.00,767.67,0.00,0.00,0.00,0.00,0.00,0.00,10618.33
489.00,767.67,0.00,0.00,0.00,0.00,0.00,0.00,10618.33
490.00,767.67,0.00,0.00,0.00,0.00,0.00,0.00,10618.33
491.00,767.67,0.00,0.00,0.00,0.00,0.00,0.00,10618.33
492.00,767.67,0.00,0.00,0.00,0.00,0.00,0.00,10618.33
493.00,767.67,0.00,0.00,0.00,0.00,0.00,0.00,10618.33
494.00,767.67,0.00,0.00,0.00,0.00,0.00,0.00,10618.33
495.00,767.67,0.00,0.00,0.00,0.00,0.00,0.00,10618.33
496.00,767.67,0.00,0.00,0.00,0.00,0.00,0.00,10618.33
497.00,767.67,0.00,0.00,0.00,0.00,0.00,0.00,10618.33
498.00,767.67,0.00,0.00,0.00,0.00,0.00,0.00,10618.33
499.00,767.67,0.00,0.00,0.00,0.00,0.00,0.00,10618.33
500.00,767.67,0.00,0.00,0.00,0.00,0.00,0.00,10618.33
501.00,767.67,0.00,0.00,0.00,0.00,0.00,0.00,10618.33
502.00,767.67,0.00,0.00,0.00,0.00,0.00,0.00,10618.33
503.00,767.67,0.00,0.00,0.00,0.00,0.00,0.00,10618.33
504.00,767.67,0.00,0.00,0.00,0.00,0.00,0.00,10618.33
505.00,767.67,0.00,0.00,0.00,0.00,0.00,0.00,10618.33
506.00,767.67,0.00,0.00,0.00,0.00,0.00,0.00,10618.33
507.00,767.67,0.00,0.00,0.00,0.00,0.00,0.00,10618.33
508.00,767.67,0.00,0.00,0.00,0.00,0.00,0.00,10618.33
509.00,767.67,0.00,0.00,0.00,0.00,0.00,0.00,10618.33
510.00,767.67,0.00,0.00,0.00,0.00,0.00,0.00,10618.33
511.00,767.67,0.00,0.00,0.00,0.00,0.00,0.00,10618.33
512.00,767.67,0.00,0.00,0.00,0.00,0.00,0.00,10618.33
513.00,767.67,0.00,0.00,0.00,0.00,0.00,0.00,10618.33
514.00,767.67,0.00,0.00,0.00,0.00,0.00,0.00,10618.33
515.00,767.67,0.00,0.00,0.00,0.00,0.00,0.00,10618.33
516.00,767.67,0.00,0.00,0.00,0.00,0.00,0.00,10618.33
517.00,767.67,0.00,0.00,0.00,0.00,0.00,0.00,10618.33
518.00,767.67,0.00,0.00,0.00,0.00,0.00,0.00,10618.33
519.00,767.67,0.00,0.00,0.00,0.00,0.00,0.00,10618.33
520.00,767.67,0.00,0.00,0.00,0.00,0.00,0.00,10618.33
521.00,767.67,0.00,0.00,0.00,0.00,0.00,0.00,10618.33
522.00,767.67,0.00,0.00,0.00,0.00,0.00,0.00,10618.33
523.00,767.67,0.00,0.00,0.00,0.00,0.00,0.00,10618.33
524.00,767.67,0.00,0.00,0.00,0.00,0.00,0.00,10618.33
525.00,767.67,0.00,0.00,0.00,0.00,0.00,0.00,10618.33
526.00,767.67,0.00,0.00,0.00,0.00,0.00,0.00,10618.33
527.00,767.67,0.00,0.00,0.00,0.00,0.00,0.00,10618.33
528.00,767.67,0.00,0.00,0.00,0.00,0.00,0.00,10618.33
529.00,767.67,0.00,0.00,0.00,0.00,0.00,0.00,10618.33
530.00,767.67,0.00,0.00,0.00,0.00,0.00,0.00,10618.33
531.00,767.67,0.00,0.00,0.00,0.00,0.00,0.00,10618.33
532.00,767.67,0.00,0.00,0.00,0.00,0.00,0.00,10618.33
533.00,767.67,0.00,0.00,0.00,0.00,0.00,0.00,10618.33
534.00,767.67,0.00,0.00,0.00,0.00,0.00,0.00,10618.33
535.00,767.67,0.00,0.00,0.00,0.00,0.00,0.00,10618.33
536.00,767.67,0.00,0.00,0.00,0.00,0.00,0.00,10618.33
537.00,767.67,0.00,0.00,0.00,0.00,0.00,0.00,10618.33
538.00,767.67,0.00,0.00,0.00,0.00,0.00,0.00,10618.33
539.00,767.67,0.00,0.00,0.00,0.00,0.00,0.00,10618.33
540.00,767.67,0.00,0.00,0.00,0.00,0.00,0.00,10618.33
541.00,767.67,0.00,0.00,0.00,0.00,0.00,0.00,10618.33
542.00,767.67,0.00,0.00,0.00,0.00,0.00,0.00,10618.33
543.00,767.67,0.00,0.00,0.00,0.00,0.00,0.00,10618.33
544.00,767.67,0.00,0.00,0.00,0.00,0.00,0.00,10618.33
545.00,767.67,0.00,0.00,0.00,0.00,0.00,0.00,10618.33
546.00,767.67,0.00,0.00,0.00,0.00,0.00,0.00,10618.33
547.00,767.67,0.00,0.00,0.00,0.00,0.00,0.00,10618.33
548.00,767.67,0.00,0.00,0.00,0.00,0.00,0.00,10618.33
549.00,767.67,0.00,0.00,0.00,0.00,0.00,0.00,10618.33
550.00,767.67,0.00,0.00,0.00,0.00,0.00,0.00,10618.33
551.00,767.67,0.00,0.00,0.00,0.00,0.00,0.00,10618.33
552.00,767.67,0.00,0.00,0.00,0.00,0.00,0.00,10618.33
553.00,767.67,0.00,0.00,0.00,0.00,0.00,0.00,10618.33
554.00,767.67,0.00,0.00,0.00,0.00,0.00,0.00,10618.33
555.00,767.67,0.00,0.00,0.00,0.00,0.00,0.00,10618.33
556.00,767.67,0.00,0.00,0.00,0.00,0.00,0.00,10618.33
557.00,767.67,0.00,0.00,0.00,0.00,0.00,0.00,10618.33
558.00,767.67,0.00,0.00,0.00,0.00,0.00,0.00,10618.33
559.00,767.67,0.00,0.00,0.00,0.00,0.00,0.00,10618.33
560.00,767.67,0.00,0.00,0.00,0.00,0.00,0.00,10618.33
561.00,767.67,0.00,0.00,0.00,0.00,0.00,0.00,10618.33
562.00,767.67,0.00,0.00,0.00,0.00,0.00,0.00,10618.33
563.00,767.67,0.00,0.00,0.00,0.00,0.00,0.00,10618.33
564.00,767.67,0.00,0.00,0.00,0.00,0.00,0.00,10618.33
565.00,767.67,0.00,0.00,0.00,0.00,0.00,0.00,10618.33
566.00,767.67,0.00,0.00,0.00,0.00,0.00,0.00,10618.33
567.00,767.67,0.00,0.00,0.00,0.00,0.00,0.00,10618.33
568.00,767.67,0.00,0.00,0.00,0.00,0.00,0.00,10618.33
569.00,767.67,0.00,0.00,0.00,0.00,0.00,0.00,10618.33
570.00,767.67,0.00,0.00,0.00,0.00,0.00,0.00,10618.33
571.00,767.67,0.00,0.00,0.00,0.00,0.00,0.00,10618.33
572.00,767.67,0.00,0.00,0.00,0.00,0.00,0.00,10618.33
573.00,767.67,0.00,0.00,0.00,0.00,0.00,0.00,10618.33
574.00,767.67,0.00,0.00,0.00,0.00,0.00,0.00,10618.33
575.00,767.67,0.00,0.00,0.00,0.00,0.00,0.00,10618.33
576.00,767.67,0.00,0.00,0.00,0.00,0.00,0.00,10618.33
577.00,767.67,0.00,0.00,0.00,0.00,0.00,0.00,10618.33
578.00,767.67,0.00,0.00,0.00,0.00,0.00,0.00,10618.33
579.00,767.67,0.00,0.00,0.00,0.00,0.00,0.00,10618.33
580.00,767.67,0.00,0.00,0.00,0.00,0.00,0.00,10618.33
581.00,767.67,0.00,0.00,0.00,0.00,0.00,0.00,10618.33
582.00,767.67,0.00,0.00,0.00,0.00,0.00,0.00,10618.33
583.00,767.67,0.00,0.00,0.00,0.00,0.00,0.00,10618.33
584.00,767.67,0.00,0.00,0.00,0.00,0.00,0.00,10618.33
585.00,767.67,0.00,0.00,0.00,0.00,0.00,0.00,10618.33
586.00,767.67,0.00,0.00,0.00,0.00,0.00,0.00,10618.33
587.00,767.67,0.00,0.00,0.00,0.00,0.00,0.00,10618.33
588.00,767.67,0.00,0.00,0.00,0.00,0.00,0.00,10618.33
589.00,767.67,0.00,0.00,0.00,0.00,0.00,0.00,10618.33
590.00,767.67,0.00,0.00,0.00,0.00,0.00,0.00,10618.33
591.00,767.67,0.00,0.00,0.00,0.00,0.00,0.00,10618.33
592.00,767.67,0.00,0.00,0.00,0.00,0.00,0.00,10618.33
593.00,767.67,0.00,0.00,0.00,0.00,0.00,0.00,10618.33
594.00,767.67,0.00,0.00,0.00,0.00,0.00,0.00,10618.33
595.00,767.67,0.00,0.00,0.00,0.00,0.00,0.00,10618.33
596.00,767.67,0.00,0.00,0.00,0.00,0.00,0.00,10618.33
597.00,767.67,0.00,0.00,0.00,0.00,0.00,0.00,10618.33
598.00,767.67,0.00,0.00,0.00,0.00,0.00,0.00,10618.33
599.00,767.67,0.00,0.00,0.00,0.00,0.00,0.00,10618.33
600.00,767.67,0.00,0.00,0.00,0.00,0.00,0.00,10618.33
601.00,767.67,0.00,0.00,0.00,0.00,0.00,0.00,10618.33
602.00,767.67,0.00,0.00,0.00,0.00,0.00,0.00,10618.33
603.00,767.67,0.00,0.00,0.00,0.00,0.00,0.00,10618.33
604.00,767.67,0.00,0.00,0.00,0.00,0.00,0.00,10618.33
605.00,767.67,0.00,0.00,0.00,0.00,0.00,0.00,10618.33
606.00,767.67,0.00,0.00,0.00,0.00,0.00,0.00,10618.33
607.00,767.67,0.00,0.00,0.00,0.00,0.00,0.00,10618.33
608.00,767.67,0.00,0.00,0.00,0.00,0.00,0.00,10618.33
609.00,767.67,0.00,0.00,0.00,0.00,0.00,0.00,10618.33
610.00,767.67,0.00,0.00,0.00,0.00,0.00,0.00,10618.33
611.00,767.67,0.00,0.00,0.00,0.00,0.00,0.00,10618.33
612.00,767.67,0.00,0.00,0.00,0.00,0.00,0.00,10618.33
613.00,767.67,0.00,0.00,0.00,0.00,0.00,0.00,10618.33
614.00,767.67,0.00,0.00,0.00,0.00,0.00,0.00,10618.33
615.00,767.67,0.00,0.00,0.00,0.00,0.00,0.00,10618.33
616.00,767.67,0.00,0.00,0.00,0.00,0.00,0.00,10618.33
617.00,767.67,0.00,0.00,0.00,0.00,0.00,0.00,10618.33
618.00,767.67,0.00,0.00,0.00,0.00,0.00,0.00,10618.33
619.00,767.67,0.00,0.00,0.00,0.00,0.00,0.00,10618.33
620.00,767.67,0.00,0.00,0.00,0.00,0.00,0.00,10618.33
621.00,767.67,0.00,0.00,0.00,0.00,0.00,0.00,10618.33
622.00,767.67,0.00,0.00,0.00,0.00,0.00,0.00,10618.33
623.00,767.67,0.00,0.00,0.00,0.00,0.00,0.00,10618.33
624.00,767.67,0.00,0.00,0.00,0.00,0.00,0.00,10618.33
625.00,767.67,0.00,0.00,0.00,0.00,0.00,0.00,10618.33
626.00,767.67,0.00,0.00,0.00,0.00,0.00,0.00,10618.33
627.00,767.67,0.00,0.00,0.00,0.00,0.00,0.00,10618.33
628.00,767.67,0.00,0.00,0.00,0.00,0.00,0.00,10618.33
629.00,767.67,0.00,0.00,0.00,0.00,0.00,0.00,10618.33
630.00,767.67,0.00,0.00,0.00,0.00,0.00,0.00,10618.33
631.00,767.67,0.00,0.00,0.00,0.00,0.00,0.00,10618.33
632.00,767.67,0.00,0.00,0.00,0.00,0.00,0.00,10618.33
633.00,767.67,0.00,0.00,0.00,0.00,0.00,0.00,10618.33
634.00,767.67,0.00,0.00,0.00,0.00,0.00,0.00,10618.33
635.00,767.67,0.00,0.00,0.00,0.00,0.00,0.00,10618.33
636.00,767.67,0.00,0.00,0.00,0.00,0.00,0.00,10618.33
637.00,767.67,0.00,0.00,0.00,0.00,0.00,0.00,10618.33
638.00,767.67,0.00,0.00,0.00,0.00,0.00,0.00,10618.33
639.00,767.67,0.00,0.00,0.00,0.00,0.00,0.00,10618.33
640.00,767.67,0.00,0.00,0.00,0.00,0.00,0.00,10618.33
641.00,767.67,0.00,0.00,0.00,0.00,0.00,0.00,10618.33
642.00,767.67,0.00,0.00,0.00,0.00,0.00,0.00,10618.33
643.00,767.67,0.00,0.00,0.00,0.00,0.00,0.00,10618.33
644.00,767.67,0.00,0.00,0.00,0.00,0.00,0.00,10618.33
645.00,767.67,0.00,0.00,0.00,0.00,0.00,0.00,10618.33
646.00,767.67,0.00,0.00,0.00,0.00,0.00,0.00,10618.33
647.00,767.67,0.00,0.00,0.00,0.00,0.00,0.00,10618.33
648.00,767.67,0.00,0.00,0.00,0.00,0.00,0.00,10618.33
649.00,767.67,0.00,0.00,0.00,0.00,0.00,0.00,10618.33
650.00,767.67,0.00,0.00,0.00,0.00,0.00,0.00,10618.33
651.00,767.67,0.00,0.00,0.00,0.00,0.00,0.00,10618.33
652.00,767.67,0.00,0.00,0.00,0.00,0.00,0.00,10618.33
653.00,767.67,0.00,0.00,0.00,0.00,0.00,0.00,10618.33
654.00,767.67,0.00,0.00,0.00,0.00,0.00,0.00,10618.33
655.00,767.67,0.00,0.00,0.00,0.00,0.00,0.00,10618.33
656.00,767.67,0.00,0.00,0.00,0.00,0.00,0.00,10618.33
657.00,767.67,0.00,0.00,0.00,0.00,0.00,0.00,10618.33
658.00,767.67,0.00,0.00,0.00,0.00,0.00,0.00,10618.33
659.00,767.67,0.00,0.00,0.00,0.00,0.00,0.00,10618.33
660.00,767.67,0.00,0.00,0.00,0.00,0.00,0.00,10618.33
661.00,767.67,0.00,0.00,0.00,0.00,0.00,0.00,10618.33
662.00,767.67,0.00,0.00,0.00,0.00,0.00,0.00,10618.33
663.00,767.67,0.00,0.00,0.00,0.00,0.00,0.00,10618.33
664.00,767.67,0.00,0.00,0.00,0.00,0.00,0.00,10618.33
665.00,767.67,0.00,0.00,0.00,0.00,0.00,0.00,10618.33
666.00,767.67,0.00,0.00,0.00,0.00,0.00,0.00,10618.33
667.00,767.67,0.00,0.00,0.00,0.00,0.00,0.00,10618.33
668.00,767.67,0.00,0.00,0.00,0.00,0.00,0.00,10618.33
669.00,767.67,0.00,0.00,0.00,0.00,0.00,0.00,10618.33
670.00,767.67,0.00,0.00,0.00,0.00,0.00,0.00,10618.33
671.00,767.67,0.00,0.00,0.00,0.00,0.00,0.00,10618.33
672.00,767.67,0.00,0.00,0.00,0.00,0.00,0.00,10618.33
673.00,767.67,0.00,0.00,0.00,0.00,0.00,0.00,10618.33
674.00,767.67,0.00,0.00,0.00,0.00,0.00,0.00,10618.33
675.00,767.67,0.00,0.00,0.00,0.00,0.00,0.00,10618.33
676.00,767.67,0.00,0.00,0.00,0.00,0.00,0.00,10618.33
677.00,767.67,0.00,0.00,0.00,0.00,0.00,0.00,10618.33
678.00,767.67,0.00,0.00,0.00,0.00,0.00,0.00,10618.33
679.00,767.67,0.00,0.00,0.00,0.00,0.00,0.00,10618.33
680.00,767.67,0.00,0.00,0.00,0.00,0.00,0.00,10618.33
681.00,767.67,0.00,0.00,0.00,0.00,0.00,0.00,10618.33
682.00,767.67,0.00,0.00,0.00,0.00,0.00,0.00,10618.33
683.00,767.67,0.00,0.00,0.00,0.00,0.00,0.00,10618.33
684.00,767.67,0.00,0.00,0.00,0.00,0.00,0.00,10618.33
685.00,767.67,0.00,0.00,0.00,0.00,0.00,0.00,10618.33
686.00,767.67,0.00,0.00,0.00,0.00,0.00,0.00,10618.33
687.00,767.67,0.00,0.00,0.00,0.00,0.00,0.00,10618.33
688.00,767.67,0.00,0.00,0.00,0.00,0.00,0.00,10618.33
689.00,767.67,0.00,0.00,0.00,0.00,0.00,0.00,10618.33
690.00,767.67,0.00,0.00,0.00,0.00,0.00,0.00,10618.33
691.00,767.67,0.00,0.00,0.00,0.00,0.00,0.00,10618.33
692.00,767.67,0.00,0.00,0.00,0.00,0.00,0.00,10618.33
693.00,767.67,0.00,0.00,0.00,0.00,0.00,0.00,10618.33
694.00,767.67,0.00,0.00,0.00,0.00,0.00,0.00,10618.33
695.00,767.67,0.00,0.00,0.00,0.00,0.00,0.00,10618.33
696.00,767.67,0.00,0.00,0.00,0.00,0.00,0.00,10618.33
697.00,767.67,0.00,0.00,0.00,0.00,0.00,0.00,10618.33
698.00,767.67,0.00,0.00,0.00,0.00,0.00,0.00,10618.33
699.00,767.67,0.00,0.00,0.00,0.00,0.00,0.00,10618.33
700.00,767.67,0.00,0.00,0.00,0.00,0.00,0.00,10618.33
