0.00,14098.00,0.00,0.00,0.00,0.00,0.00,0.00,0.00
1.00,14097.98,0.01,0.01,0.00,0.00,0.00,0.00,0.00
2.00,14097.97,0.01,0.01,0.00,0.00,0.00,0.00,0.00
3.00,14097.97,0.02,0.01,0.00,0.00,0.00,0.00,0.00
4.00,14097.96,0.02,0.01,0.00,0.00,0.00,0.00,0.01
5.00,14097.96,0.02,0.01,0.00,0.00,0.00,0.00,0.01
6.00,14097.95,0.02,0.01,0.00,0.00,0.00,0.00,0.01
7.00,14097.95,0.02,0.01,0.00,0.00,0.00,0.00,0.02
8.00,14097.94,0.02,0.01,0.00,0.00,0.00,0.00,0.02
9.00,14097.94,0.02,0.01,0.00,0.00,0.00,0.00,0.03
10.00,14097.93,0.02,0.01,0.00,0.00,0.00,0.00,0.03
11.00,14097.92,0.02,0.01,0.00,0.00,0.00,0.00,0.04
12.00,14097.92,0.02,0.01,0.00,0.00,0.00,0.00,0.04
13.00,14097.91,0.02,0.01,0.00,0.00,0.00,0.00,0.05
14.00,14097.91,0.02,0.01,0.00,0.00,0.00,0.00,0.06
15.00,14097.90,0.02,0.01,0.00,0.00,0.00,0.00,0.06
16.00,14097.90,0.02,0.01,0.00,0.00,0.00,0.00,0.07
17.00,14097.89,0.02,0.01,0.00,0.00,0.00,0.00,0.07
18.00,14097.88,0.02,0.01,0.00,0.00,0.00,0.00,0.08
19.00,14097.88,0.02,0.01,0.00,0.00,0.00,0.00,0.08
20.00,14097.87,0.02,0.01,0.00,0.00,0.00,0.00,0.09
21.00,14097.87,0.02,0.01,0.00,0.00,0.00,0.00,0.09
22.00,14097.86,0.02,0.01,0.00,0.00,0.00,0.00,0.10
23.00,14097.85,0.02,0.01,0.00,0.00,0.00,0.00,0.11
24.00,14097.85,0.02,0.01,0.00,0.00,0.00,0.00,0.11
25.00,14097.84,0.02,0.01,0.00,0.00,0.00,0.00,0.12
26.00,14097.84,0.02,0.01,0.00,0.00,0.00,0.00,0.12
27.00,14097.83,0.02,0.01,0.00,0.00,0.00,0.00,0.13
28.00,14097.82,0.02,0.01,0.00,0.00,0.00,0.00,0.14
29.00,14097.82,0.02,0.01,0.00,0.00,0.00,0.00,0.14
30.00,14097.81,0.02,0.01,0.00,0.00,0.00,0.00,0.15
31.00,14097.80,0.02,0.01,0.00,0.00,0.00,0.00,0.15
32.00,14097.80,0.02,0.01,0.00,0.00,0.00,0.00,0.16
33.00,14097.79,0.02,0.01,0.00,0.00,0.00,0.00,0.17
34.00,14097.79,0.02,0.01,0.00,0.00,0.00,0.00,0.17
35.00,14097.78,0.02,0.01,0.00,0.00,0.00,0.00,0.18
36.00,14097.77,0.02,0.01,0.00,0.00,0.00,0.00,0.18
37.00,14097.77,0.02,0.01,0.00,0.00,0.00,0.00,0.19
38.00,14097.76,0.02,0.01,0.00,0.00,0.00,0.00,0.20
39.00,14097.75,0.02,0.01,0.00,0.00,0.00,0.00,0.20
40.00,14097.75,0.02,0.01,0.00,0.00,0.00,0.00,0.21
41.00,14097.74,0.02,0.01,0.00,0.00,0.00,0.00,0.22
42.00,14097.74,0.02,0.01,0.00,0.00,0.00,0.00,0.22
43.00,14097.73,0.02,0.01,0.00,0.00,0.00,0.00,0.23
44.00,14097.72,0.02,0.01,0.00,0.00,0.00,0.00,0.23
45.00,14097.72,0.02,0.01,0.00,0.00,0.00,0.00,0.24
46.00,14097.71,0.02,0.01,0.00,0.00,0.00,0.00,0.25
47.00,14097.70,0.02,0.01,0.00,0.00,0.00,0.00,0.25
48.00,14097.70,0.02,0.01,0.00,0.00,0.00,0.00,0.26
49.00,14097.69,0.02,0.01,0.00,0.00,0.00,0.00,0.27
50.00,14097.68,0.02,0.01,0.00,0.00,0.00,0.00,0.27
51.00,14097.68,0.02,0.01,0.00,0.00,0.00,0.00,0.28
52.00,14097.67,0.02,0.01,0.00,0.00,0.00,0.00,0.29
53.00,14097.66,0.02,0.01,0.00,0.00,0.00,0.00,0.29
54.00,14097.66,0.02,0.01,0.00,0.00,0.00,0.00,0.30
55.00,14097.65,0.02,0.01,0.00,0.00,0.00,0.00,0.31
56.00,14097.64,0.02,0.01,0.00,0.00,0.00,0.00,0.31
57.00,14097.64,0.02,0.01,0.00,0.00,0.00,0.00,0.32
58.00,14097.63,0.02,0.01,0.00,0.00,0.00,0.00,0.33
59.00,14097.62,0.02,0.01,0.00,0.00,0.00,0.00,0.33
60.00,14097.61,0.02,0.01,0.00,0.00,0.00,0.00,0.34
61.00,14097.61,0.02,0.01,0.00,0.00,0.00,0.00,0.35
62.00,14097.60,0.02,0.01,0.00,0.00,0.00,0.00,0.35
63.00,14097.59,0.02,0.01,0.00,0.00,0.00,0.00,0.36
64.00,14097.59,0.02,0.01,0.00,0.00,0.00,0.00,0.37
65.00,14097.58,0.02,0.01,0.00,0.00,0.00,0.00,0.37
66.00,14097.57,0.02,0.01,0.00,0.00,0.00,0.00,0.38
67.00,14097.57,0.02,0.01,0.00,0.00,0.00,0.00,0.39
68.00,14097.56,0.02,0.01,0.00,0.00,0.00,0.00,0.39
69.00,14097.55,0.02,0.01,0.00,0.00,0.00,0.00,0.40
70.00,14097.54,0.02,0.01,0.00,0.00,0.00,0.00,0.41
71.00,14097.54,0.02,0.01,0.00,0.00,0.00,0.00,0.42
72.00,14097.53,0.02,0.01,0.00,0.00,0.00,0.00,0.42
73.00,14097.52,0.02,0.01,0.00,0.00,0.00,0.00,0.43
74.00,14097.51,0.02,0.01,0.00,0.00,0.00,0.00,0.44
75.00,14097.51,0.02,0.01,0.00,0.00,0.00,0.00,0.44
76.00,14097.50,0.03,0.01,0.00,0.00,0.00,0.00,0.45
77.00,14097.49,0.03,0.01,0.00,0.00,0.00,0.00,0.46
78.00,14097.49,0.03,0.01,0.00,0.00,0.00,0.00,0.47
79.00,14097.48,0.03,0.01,0.00,0.00,0.00,0.00,0.47
80.00,14097.47,0.03,0.01,0.00,0.00,0.00,0.00,0.48
81.00,14097.46,0.03,0.01,0.00,0.00,0.00,0.00,0.49
82.00,14097.46,0.03,0.01,0.00,0.00,0.00,0.00,0.49
83.00,14097.45,0.03,0.01,0.00,0.00,0.00,0.00,0.50
84.00,14097.44,0.03,0.01,0.00,0.00,0.00,0.00,0.51
85.00,14097.43,0.03,0.01,0.00,0.00,0.00,0.00,0.52
86.00,14097.43,0.03,0.01,0.00,0.00,0.00,0.00,0.52
87.00,14097.42,0.03,0.01,0.00,0.00,0.00,0.00,0.53
88.00,14097.41,0.03,0.01,0.00,0.00,0.00,0.00,0.54
89.00,14097.40,0.03,0.01,0.00,0.00,0.00,0.00,0.55
90.00,14097.39,0.03,0.01,0.00,0.00,0.00,0.00,0.55
91.00,14097.39,0.03,0.01,0.00,0.00,0.00,0.00,0.56
92.00,14097.38,0.03,0.01,0.00,0.00,0.00,0.00,0.57
93.00,14097.37,0.03,0.01,0.00,0.00,0.00,0.00,0.58
94.00,14097.36,0.03,0.01,0.00,0.00,0.00,0.00,0.58
95.00,14097.36,0.03,0.01,0.00,0.00,0.00,0.00,0.59
96.00,14097.35,0.03,0.01,0.00,0.00,0.00,0.00,0.60
97.00,14097.34,0.03,0.01,0.00,0.00,0.00,0.00,0.61
98.00,14097.33,0.03,0.01,0.00,0.00,0.00,0.00,0.62
99.00,14097.32,0.03,0.01,0.00,0.00,0.00,0.00,0.62
100.00,14097.32,0.03,0.01,0.00,0.00,0.00,0.00,0.63
101.00,14097.31,0.03,0.01,0.00,0.00,0.00,0.00,0.64
102.00,14097.30,0.03,0.01,0.00,0.00,0.00,0.00,0.65
103.00,14097.29,0.03,0.01,0.00,0.00,0.00,0.00,0.65
104.00,14097.28,0.03,0.01,0.00,0.00,0.00,0.00,0.66
105.00,14097.28,0.03,0.01,0.00,0.00,0.00,0.00,0.67
106.00,14097.27,0.03,0.01,0.00,0.00,0.00,0.00,0.68
107.00,14097.26,0.03,0.01,0.00,0.00,0.00,0.00,0.69
108.00,14097.25,0.03,0.01,0.00,0.00,0.00,0.00,0.69
109.00,14097.24,0.03,0.01,0.00,0.00,0.00,0.00,0.70
110.00,14097.23,0.03,0.01,0.00,0.00,0.00,0.00,0.71
111.00,14097.23,0.03,0.01,0.00,0.00,0.00,0.00,0.72
112.00,14097.22,0.03,0.01,0.00,0.00,0.00,0.00,0.73
113.00,14097.21,0.03,0.01,0.00,0.00,0.00,0.00,0.74
114.00,14097.20,0.03,0.01,0.00,0.00,0.00,0.00,0.74
115.00,14097.19,0.03,0.01,0.00,0.00,0.00,0.00,0.75
116.00,14097.18,0.03,0.01,0.00,0.00,0.00,0.00,0.76
117.00,14097.17,0.03,0.01,0.00,0.00,0.00,0.00,0.77
118.00,14097.17,0.03,0.01,0.00,0.00,0.00,0.00,0.78
119.00,14097.16,0.03,0.01,0.00,0.00,0.00,0.00,0.78
120.00,14097.15,0.03,0.01,0.00,0.00,0.00,0.00,0.79
121.00,14097.14,0.03,0.01,0.00,0.00,0.00,0.00,0.80
122.00,14097.13,0.03,0.01,0.00,0.00,0.00,0.00,0.81
123.00,14097.12,0.03,0.01,0.00,0.00,0.00,0.00,0.82
124.00,14097.11,0.03,0.01,0.00,0.00,0.00,0.00,0.83
125.00,14097.11,0.03,0.02,0.00,0.00,0.00,0.00,0.84
126.00,14097.10,0.03,0.02,0.00,0.00,0.00,0.00,0.84
127.00,14097.09,0.03,0.02,0.00,0.00,0.00,0.00,0.85
128.00,14097.08,0.03,0.02,0.00,0.00,0.00,0.00,0.86
129.00,14097.07,0.03,0.02,0.00,0.00,0.00,0.00,0.87
130.00,14097.06,0.03,0.02,0.00,0.00,0.00,0.00,0.88
131.00,14097.05,0.03,0.02,0.00,0.00,0.00,0.00,0.89
132.00,14097.04,0.03,0.02,0.00,0.00,0.00,0.00,0.90
133.00,14097.03,0.03,0.02,0.00,0.00,0.00,0.00,0.91
134.00,14097.02,0.03,0.02,0.00,0.00,0.00,0.00,0.91
135.00,14097.02,0.03,0.02,0.00,0.00,0.00,0.00,0.92
136.00,14097.01,0.03,0.02,0.00,0.00,0.00,0.00,0.93
137.00,14097.00,0.03,0.02,0.00,0.00,0.00,0.00,0.94
138.00,14096.99,0.03,0.02,0.00,0.00,0.00,0.00,0.95
139.00,14096.98,0.03,0.02,0.00,0.00,0.00,0.00,0.96
140.00,14096.97,0.03,0.02,0.00,0.00,0.00,0.00,0.97
141.00,14096.96,0.03,0.02,0.00,0.00,0.00,0.00,0.98
142.00,14096.95,0.03,0.02,0.00,0.00,0.00,0.00,0.99
143.00,14096.94,0.03,0.02,0.00,0.00,0.00,0.00,1.00
144.00,14096.93,0.03,0.02,0.00,0.00,0.00,0.00,1.01
145.00,14096.92,0.03,0.02,0.00,0.00,0.00,0.00,1.01
146.00,14096.91,0.03,0.02,0.00,0.00,0.00,0.00,1.02
147.00,14096.90,0.03,0.02,0.00,0.00,0.00,0.00,1.03
148.00,14096.89,0.03,0.02,0.01,0.01,0.01,0.00,1.04
149.00,14096.88,0.03,0.02,0.01,0.01,0.01,0.00,1.05
150.00,14096.87,0.03,0.02,0.01,0.01,0.01,0.00,1.06
151.00,14096.86,0.03,0.02,0.01,0.01,0.01,0.00,1.07
152.00,14096.85,0.03,0.02,0.01,0.01,0.01,0.00,1.08
153.00,14096.84,0.03,0.02,0.01,0.01,0.01,0.00,1.09
154.00,14096.83,0.03,0.02,0.01,0.01,0.01,0.00,1.10
155.00,14096.82,0.03,0.02,0.01,0.01,0.01,0.00,1.11
156.00,14096.82,0.03,0.02,0.01,0.01,0.01,0.00,1.12
157.00,14096.81,0.03,0.02,0.01,0.01,0.01,0.00,1.13
158.00,14096.80,0.03,0.02,0.01,0.01,0.01,0.00,1.14
159.00,14096.79,0.03,0.02,0.01,0.01,0.01,0.00,1.15
160.00,14096.78,0.03,0.02,0.01,0.01,0.01,0.00,1.16
161.00,14096.77,0.03,0.02,0.01,0.01,0.01,0.00,1.17
162.00,14096.75,0.03,0.02,0.01,0.01,0.01,0.00,1.18
163.00,14096.74,0.03,0.02,0.01,0.01,0.01,0.00,1.19
164.00,14096.73,0.03,0.02,0.01,0.01,0.01,0.00,1.20
165.00,14096.72,0.03,0.02,0.01,0.01,0.01,0.00,1.21
166.00,14096.71,0.04,0.02,0.01,0.01,0.01,0.00,1.22
167.00,14096.70,0.04,0.02,0.01,0.01,0.01,0.00,1.23
168.00,14096.69,0.04,0.02,0.01,0.01,0.01,0.00,1.24
169.00,14096.68,0.04,0.02,0.01,0.01,0.01,0.00,1.25
170.00,14096.67,0.04,0.02,0.01,0.01,0.01,0.00,1.26
171.00,14096.66,0.04,0.02,0.01,0.01,0.01,0.00,1.27
172.00,14096.65,0.04,0.02,0.01,0.01,0.01,0.00,1.28
173.00,14096.64,0.04,0.02,0.01,0.01,0.01,0.00,1.29
174.00,14096.63,0.04,0.02,0.01,0.01,0.01,0.00,1.30
175.00,14096.62,0.04,0.02,0.01,0.01,0.01,0.00,1.31
176.00,14096.61,0.04,0.02,0.01,0.01,0.01,0.00,1.32
177.00,14096.60,0.04,0.02,0.01,0.01,0.01,0.00,1.33
178.00,14096.59,0.04,0.02,0.01,0.01,0.01,0.00,1.34
179.00,14096.58,0.04,0.02,0.01,0.01,0.01,0.00,1.35
180.00,14096.57,0.04,0.02,0.01,0.01,0.01,0.00,1.36
181.00,14096.56,0.04,0.02,0.01,0.01,0.01,0.00,1.37
182.00,14096.54,0.04,0.02,0.01,0.01,0.01,0.00,1.38
183.00,14096.53,0.04,0.02,0.01,0.01,0.01,0.00,1.39
184.00,14096.52,0.04,0.02,0.01,0.01,0.01,0.00,1.40
185.00,14096.51,0.04,0.02,0.01,0.01,0.01,0.00,1.41
186.00,14096.50,0.04,0.02,0.01,0.01,0.01,0.00,1.43
187.00,14096.49,0.04,0.02,0.01,0.01,0.01,0.00,1.44
188.00,14096.48,0.04,0.02,0.01,0.01,0.01,0.00,1.45
189.00,14096.47,0.04,0.02,0.01,0.01,0.01,0.00,1.46
190.00,14096.46,0.04,0.02,0.01,0.01,0.01,0.00,1.47
191.00,14096.44,0.04,0.02,0.01,0.01,0.01,0.00,1.48
192.00,14096.43,0.04,0.02,0.01,0.01,0.01,0.00,1.49
193.00,14096.42,0.04,0.02,0.01,0.01,0.01,0.00,1.50
194.00,14096.41,0.04,0.02,0.01,0.01,0.01,0.00,1.51
195.00,14096.40,0.04,0.02,0.01,0.01,0.01,0.00,1.52
196.00,14096.39,0.04,0.02,0.01,0.01,0.01,0.00,1.54
197.00,14096.38,0.04,0.02,0.01,0.01,0.01,0.00,1.55
198.00,14096.36,0.04,0.02,0.01,0.01,0.01,0.00,1.56
199.00,14096.35,0.04,0.02,0.01,0.01,0.01,0.00,1.57
200.00,14096.34,0.04,0.02,0.01,0.01,0.01,0.00,1.58
201.00,14096.33,0.04,0.02,0.01,0.01,0.01,0.00,1.59
202.00,14096.32,0.04,0.02,0.01,0.01,0.01,0.00,1.60
203.00,14096.31,0.04,0.02,0.01,0.01,0.01,0.00,1.62
204.00,14096.29,0.04,0.02,0.01,0.01,0.01,0.00,1.63
205.00,14096.28,0.04,0.02,0.01,0.01,0.01,0.00,1.64
206.00,14096.27,0.04,0.02,0.01,0.01,0.01,0.00,1.65
207.00,14096.26,0.04,0.02,0.01,0.01,0.01,0.00,1.66
208.00,14096.25,0.04,0.02,0.01,0.01,0.01,0.00,1.67
209.00,14096.23,0.04,0.02,0.01,0.01,0.01,0.00,1.68
210.00,14096.22,0.04,0.02,0.01,0.01,0.01,0.00,1.70
211.00,14096.21,0.04,0.02,0.01,0.01,0.01,0.00,1.71
212.00,14096.20,0.04,0.02,0.01,0.01,0.01,0.00,1.72
213.00,14096.19,0.04,0.02,0.01,0.01,0.01,0.00,1.73
214.00,14096.17,0.04,0.02,0.01,0.01,0.01,0.00,1.74
215.00,14096.16,0.04,0.02,0.01,0.01,0.01,0.00,1.76
216.00,14096.15,0.04,0.02,0.01,0.01,0.01,0.00,1.77
217.00,14096.14,0.04,0.02,0.01,0.01,0.01,0.00,1.78
218.00,14096.12,0.04,0.02,0.01,0.01,0.01,0.00,1.79
219.00,14096.11,0.04,0.02,0.01,0.01,0.01,0.00,1.80
220.00,14096.10,0.04,0.02,0.01,0.01,0.01,0.00,1.82
221.00,14096.09,0.04,0.02,0.01,0.01,0.01,0.00,1.83
222.00,14096.07,0.04,0.02,0.01,0.01,0.01,0.00,1.84
223.00,14096.06,0.04,0.02,0.01,0.01,0.01,0.00,1.85
224.00,14096.05,0.04,0.02,0.01,0.01,0.01,0.00,1.87
225.00,14096.04,0.04,0.02,0.01,0.01,0.01,0.00,1.88
226.00,14096.02,0.04,0.02,0.01,0.01,0.01,0.00,1.89
227.00,14096.01,0.04,0.02,0.01,0.01,0.01,0.00,1.90
228.00,14096.00,0.04,0.02,0.01,0.01,0.01,0.00,1.92
229.00,14095.98,0.04,0.02,0.01,0.01,0.01,0.00,1.93
230.00,14095.97,0.04,0.02,0.01,0.01,0.01,0.00,1.94
231.00,14095.96,0.04,0.02,0.01,0.01,0.01,0.00,1.95
232.00,14095.94,0.04,0.02,0.01,0.01,0.01,0.00,1.97
233.00,14095.93,0.04,0.02,0.01,0.01,0.01,0.00,1.98
234.00,14095.92,0.05,0.02,0.01,0.01,0.01,0.00,1.99
235.00,14095.91,0.05,0.02,0.01,0.01,0.01,0.00,2.01
236.00,14095.89,0.05,0.02,0.01,0.01,0.01,0.00,2.02
237.00,14095.88,0.05,0.02,0.01,0.01,0.01,0.00,2.03
238.00,14095.86,0.05,0.02,0.01,0.01,0.01,0.00,2.05
239.00,14095.85,0.05,0.02,0.01,0.01,0.01,0.00,2.06
240.00,14095.84,0.05,0.02,0.01,0.01,0.01,0.00,2.07
241.00,14095.82,0.05,0.02,0.01,0.01,0.01,0.00,2.08
242.00,14095.81,0.05,0.02,0.01,0.01,0.01,0.00,2.10
243.00,14095.80,0.05,0.02,0.01,0.01,0.01,0.00,2.11
244.00,14095.78,0.05,0.02,0.01,0.01,0.01,0.00,2.12
245.00,14095.77,0.05,0.02,0.01,0.01,0.01,0.00,2.14
246.00,14095.76,0.05,0.02,0.01,0.01,0.01,0.00,2.15
247.00,14095.74,0.05,0.02,0.01,0.01,0.01,0.00,2.17
248.00,14095.73,0.05,0.02,0.01,0.01,0.01,0.00,2.18
249.00,14095.71,0.05,0.02,0.01,0.01,0.01,0.00,2.19
250.00,14095.70,0.05,0.02,0.01,0.01,0.01,0.00,2.21
251.00,14095.69,0.05,0.02,0.01,0.01,0.01,0.00,2.22
252.00,14095.67,0.05,0.02,0.01,0.01,0.01,0.00,2.23
253.00,14095.66,0.05,0.02,0.01,0.01,0.01,0.00,2.25
254.00,14095.64,0.05,0.02,0.01,0.01,0.01,0.00,2.26
255.00,14095.63,0.05,0.02,0.01,0.01,0.01,0.00,2.28
256.00,14095.61,0.05,0.02,0.01,0.01,0.01,0.00,2.29
257.00,14095.60,0.05,0.02,0.01,0.01,0.01,0.00,2.30
258.00,14095.59,0.05,0.02,0.01,0.01,0.01,0.00,2.32
259.00,14095.57,0.05,0.02,0.01,0.01,0.01,0.00,2.33
260.00,14095.56,0.05,0.02,0.01,0.01,0.01,0.00,2.35
261.00,14095.54,0.05,0.02,0.01,0.01,0.01,0.00,2.36
262.00,14095.53,0.05,0.03,0.01,0.01,0.01,0.00,2.37
263.00,14095.51,0.05,0.03,0.01,0.01,0.01,0.00,2.39
264.00,14095.50,0.05,0.03,0.01,0.01,0.01,0.00,2.40
265.00,14095.48,0.05,0.03,0.01,0.01,0.01,0.00,2.42
266.00,14095.47,0.05,0.03,0.01,0.01,0.01,0.00,2.43
267.00,14095.45,0.05,0.03,0.01,0.01,0.01,0.00,2.45
268.00,14095.44,0.05,0.03,0.01,0.01,0.01,0.00,2.46
269.00,14095.42,0.05,0.03,0.01,0.01,0.01,0.00,2.48
270.00,14095.41,0.05,0.03,0.01,0.01,0.01,0.00,2.49
271.00,14095.39,0.05,0.03,0.01,0.01,0.01,0.00,2.51
272.00,14095.38,0.05,0.03,0.01,0.01,0.01,0.00,2.52
273.00,14095.36,0.05,0.03,0.01,0.01,0.01,0.00,2.54
274.00,14095.35,0.05,0.03,0.01,0.01,0.01,0.00,2.55
275.00,14095.33,0.05,0.03,0.01,0.01,0.01,0.00,2.57
276.00,14095.32,0.05,0.03,0.01,0.01,0.01,0.00,2.58
277.00,14095.30,0.05,0.03,0.01,0.01,0.01,0.00,2.60
278.00,14095.29,0.05,0.03,0.01,0.01,0.01,0.00,2.61
279.00,14095.27,0.05,0.03,0.01,0.01,0.01,0.00,2.63
280.00,14095.25,0.05,0.03,0.01,0.01,0.01,0.00,2.64
281.00,14095.24,0.05,0.03,0.01,0.01,0.01,0.00,2.66
282.00,14095.22,0.05,0.03,0.01,0.01,0.01,0.00,2.67
283.00,14095.21,0.05,0.03,0.01,0.01,0.01,0.00,2.69
284.00,14095.19,0.05,0.03,0.01,0.01,0.01,0.00,2.70
285.00,14095.17,0.05,0.03,0.01,0.01,0.01,0.00,2.72
286.00,14095.16,0.05,0.03,0.01,0.01,0.01,0.00,2.73
287.00,14095.14,0.05,0.03,0.01,0.01,0.01,0.00,2.75
288.00,14095.13,0.06,0.03,0.01,0.01,0.01,0.00,2.77
289.00,14095.11,0.06,0.03,0.01,0.01,0.01,0.00,2.78
290.00,14095.09,0.06,0.03,0.01,0.01,0.01,0.00,2.80
291.00,14095.08,0.06,0.03,0.01,0.01,0.01,0.00,2.81
292.00,14095.06,0.06,0.03,0.01,0.01,0.01,0.00,2.83
293.00,14095.04,0.06,0.03,0.01,0.01,0.01,0.00,2.85
294.00,14095.03,0.06,0.03,0.01,0.01,0.01,0.00,2.86
295.00,14095.01,0.06,0.03,0.01,0.01,0.01,0.00,2.88
296.00,14094.99,0.06,0.03,0.01,0.01,0.01,0.00,2.89
297.00,14094.98,0.06,0.03,0.01,0.01,0.01,0.00,2.91
298.00,14094.96,0.06,0.03,0.01,0.01,0.01,0.00,2.93
299.00,14094.94,0.06,0.03,0.01,0.01,0.01,0.00,2.94
300.00,14094.93,0.06,0.03,0.01,0.01,0.01,0.00,2.96
301.00,14094.91,0.06,0.03,0.01,0.01,0.01,0.00,2.98
302.00,14094.89,0.06,0.03,0.01,0.01,0.01,0.00,2.99
303.00,14094.88,0.06,0.03,0.01,0.01,0.01,0.00,3.01
304.00,14094.86,0.06,0.03,0.01,0.01,0.01,0.00,3.03
305.00,14094.84,0.06,0.03,0.01,0.01,0.01,0.00,3.04
306.00,14094.82,0.06,0.03,0.01,0.01,0.01,0.00,3.06
307.00,14094.81,0.06,0.03,0.01,0.01,0.01,0.00,3.08
308.00,14094.79,0.06,0.03,0.01,0.01,0.01,0.00,3.09
309.00,14094.77,0.06,0.03,0.01,0.01,0.01,0.00,3.11
310.00,14094.76,0.06,0.03,0.01,0.01,0.01,0.00,3.13
311.00,14094.74,0.06,0.03,0.01,0.01,0.01,0.00,3.14
312.00,14094.72,0.06,0.03,0.01,0.01,0.01,0.00,3.16
313.00,14094.70,0.06,0.03,0.01,0.01,0.01,0.00,3.18
314.00,14094.68,0.06,0.03,0.01,0.01,0.01,0.00,3.20
315.00,14094.67,0.06,0.03,0.01,0.01,0.01,0.00,3.21
316.00,14094.65,0.06,0.03,0.01,0.01,0.01,0.00,3.23
317.00,14094.63,0.06,0.03,0.01,0.01,0.01,0.00,3.25
318.00,14094.61,0.06,0.03,0.01,0.01,0.01,0.00,3.27
319.00,14094.59,0.06,0.03,0.01,0.01,0.01,0.00,3.28
320.00,14094.58,0.06,0.03,0.01,0.01,0.01,0.00,3.30
321.00,14094.56,0.06,0.03,0.01,0.01,0.01,0.00,3.32
322.00,14094.54,0.06,0.03,0.01,0.01,0.01,0.00,3.34
323.00,14094.52,0.06,0.03,0.01,0.01,0.01,0.00,3.36
324.00,14094.50,0.06,0.03,0.01,0.01,0.01,0.00,3.37
325.00,14094.48,0.06,0.03,0.01,0.01,0.01,0.00,3.39
326.00,14094.47,0.06,0.03,0.01,0.01,0.01,0.00,3.41
327.00,14094.45,0.06,0.03,0.01,0.01,0.01,0.00,3.43
328.00,14094.43,0.06,0.03,0.01,0.01,0.01,0.00,3.45
329.00,14094.41,0.06,0.03,0.01,0.01,0.01,0.00,3.46
330.00,14094.39,0.06,0.03,0.01,0.01,0.01,0.00,3.48
331.00,14094.37,0.06,0.03,0.01,0.01,0.01,0.00,3.50
332.00,14094.35,0.06,0.03,0.01,0.01,0.01,0.00,3.52
333.00,14094.33,0.07,0.03,0.01,0.01,0.01,0.00,3.54
334.00,14094.31,0.07,0.03,0.01,0.01,0.01,0.00,3.56
335.00,14094.30,0.07,0.03,0.01,0.01,0.01,0.00,3.58
336.00,14094.28,0.07,0.03,0.01,0.01,0.01,0.00,3.60
337.00,14094.26,0.07,0.03,0.01,0.01,0.01,0.00,3.61
338.00,14094.24,0.07,0.03,0.01,0.01,0.01,0.00,3.63
339.00,14094.22,0.07,0.03,0.01,0.01,0.01,0.00,3.65
340.00,14094.20,0.07,0.03,0.01,0.01,0.01,0.00,3.67
341.00,14094.18,0.07,0.03,0.01,0.01,0.01,0.00,3.69
342.00,14094.16,0.07,0.03,0.01,0.01,0.01,0.00,3.71
343.00,14094.14,0.07,0.03,0.01,0.01,0.01,0.00,3.73
344.00,14094.12,0.07,0.03,0.01,0.01,0.01,0.00,3.75
345.00,14094.10,0.07,0.03,0.01,0.01,0.01,0.00,3.77
346.00,14094.08,0.07,0.03,0.01,0.01,0.01,0.00,3.79
347.00,14094.06,0.07,0.03,0.01,0.01,0.01,0.00,3.81
348.00,14094.04,0.07,0.03,0.01,0.01,0.01,0.00,3.83
349.00,14094.02,0.07,0.03,0.01,0.01,0.01,0.00,3.85
350.00,14094.00,0.07,0.03,0.01,0.01,0.01,0.00,3.87
351.00,14093.98,0.07,0.03,0.01,0.01,0.01,0.00,3.89
352.00,14093.96,0.07,0.03,0.01,0.01,0.01,0.00,3.91
353.00,14093.94,0.07,0.04,0.01,0.01,0.01,0.00,3.93
354.00,14093.92,0.07,0.04,0.01,0.01,0.01,0.00,3.95
355.00,14093.89,0.07,0.04,0.01,0.01,0.01,0.00,3.97
356.00,14093.87,0.07,0.04,0.01,0.01,0.01,0.00,3.99
357.00,14093.85,0.07,0.04,0.01,0.01,0.01,0.00,4.01
358.00,14093.83,0.07,0.04,0.01,0.01,0.01,0.00,4.03
359.00,14093.81,0.07,0.04,0.01,0.01,0.01,0.00,4.05
360.00,14093.79,0.07,0.04,0.01,0.01,0.01,0.00,4.07
361.00,14093.77,0.07,0.04,0.01,0.01,0.01,0.00,4.09
362.00,14093.75,0.07,0.04,0.01,0.01,0.01,0.00,4.11
363.00,14093.73,0.07,0.04,0.01,0.01,0.01,0.00,4.13
364.00,14093.71,0.07,0.04,0.01,0.01,0.01,0.00,4.15
365.00,14093.68,0.07,0.04,0.01,0.01,0.01,0.00,4.17
366.00,14093.66,0.07,0.04,0.01,0.01,0.01,0.00,4.19
367.00,14093.64,0.07,0.04,0.01,0.01,0.01,0.00,4.21
368.00,14093.62,0.07,0.04,0.01,0.01,0.01,0.00,4.24
369.00,14093.60,0.07,0.04,0.01,0.01,0.01,0.00,4.26
370.00,14093.57,0.07,0.04,0.01,0.01,0.01,0.00,4.28
371.00,14093.55,0.08,0.04,0.01,0.01,0.01,0.00,4.30
372.00,14093.53,0.08,0.04,0.01,0.01,0.01,0.00,4.32
373.00,14093.51,0.08,0.04,0.01,0.01,0.01,0.00,4.34
374.00,14093.49,0.08,0.04,0.01,0.01,0.01,0.00,4.36
375.00,14093.46,0.08,0.04,0.01,0.01,0.01,0.00,4.39
376.00,14093.44,0.08,0.04,0.01,0.01,0.01,0.00,4.41
377.00,14093.42,0.08,0.04,0.01,0.01,0.01,0.00,4.43
378.00,14093.40,0.08,0.04,0.01,0.01,0.01,0.00,4.45
379.00,14093.37,0.08,0.04,0.01,0.01,0.01,0.00,4.47
380.00,14093.35,0.08,0.04,0.01,0.01,0.01,0.00,4.50
381.00,14093.33,0.08,0.04,0.01,0.01,0.01,0.00,4.52
382.00,14093.31,0.08,0.04,0.01,0.01,0.01,0.00,4.54
383.00,14093.28,0.08,0.04,0.01,0.01,0.01,0.00,4.56
384.00,14093.26,0.08,0.04,0.01,0.01,0.01,0.00,4.59
385.00,14093.24,0.08,0.04,0.01,0.01,0.01,0.00,4.61
386.00,14093.21,0.08,0.04,0.01,0.01,0.01,0.00,4.63
387.00,14093.19,0.08,0.04,0.01,0.01,0.01,0.00,4.65
388.00,14093.17,0.08,0.04,0.01,0.01,0.01,0.00,4.68
389.00,14093.14,0.08,0.04,0.01,0.01,0.01,0.00,4.70
390.00,14093.12,0.08,0.04,0.01,0.01,0.01,0.00,4.72
391.00,14093.10,0.08,0.04,0.01,0.01,0.01,0.00,4.75
392.00,14093.07,0.08,0.04,0.01,0.01,0.01,0.00,4.77
393.00,14093.05,0.08,0.04,0.01,0.01,0.01,0.00,4.79
394.00,14093.02,0.08,0.04,0.01,0.01,0.01,0.00,4.82
395.00,14093.00,0.08,0.04,0.01,0.01,0.01,0.00,4.84
396.00,14092.98,0.08,0.04,0.01,0.01,0.01,0.00,4.86
397.00,14092.95,0.08,0.04,0.01,0.01,0.01,0.00,4.89
398.00,14092.93,0.08,0.04,0.01,0.01,0.01,0.00,4.91
399.00,14092.90,0.08,0.04,0.01,0.01,0.01,0.00,4.93
400.00,14092.88,0.08,0.04,0.01,0.01,0.01,0.00,4.96
401.00,14092.85,0.08,0.04,0.01,0.01,0.01,0.00,4.98
402.00,14092.83,0.08,0.04,0.01,0.01,0.01,0.00,5.01
403.00,14092.81,0.08,0.04,0.01,0.01,0.01,0.00,5.03
404.00,14092.78,0.08,0.04,0.01,0.01,0.01,0.00,5.05
405.00,14092.76,0.09,0.04,0.01,0.01,0.01,0.00,5.08
406.00,14092.73,0.09,0.04,0.01,0.01,0.01,0.00,5.10
407.00,14092.71,0.09,0.04,0.01,0.01,0.01,0.00,5.13
408.00,14092.68,0.09,0.04,0.01,0.01,0.01,0.00,5.15
409.00,14092.65,0.09,0.04,0.01,0.01,0.01,0.00,5.18
410.00,14092.63,0.09,0.04,0.01,0.01,0.01,0.00,5.20
411.00,14092.60,0.09,0.04,0.01,0.01,0.01,0.00,5.23
412.00,14092.58,0.09,0.04,0.01,0.01,0.01,0.00,5.25
413.00,14092.55,0.09,0.04,0.01,0.01,0.01,0.00,5.28
414.00,14092.53,0.09,0.04,0.01,0.01,0.01,0.00,5.30
415.00,14092.50,0.09,0.04,0.01,0.01,0.01,0.00,5.33
416.00,14092.48,0.09,0.04,0.01,0.01,0.01,0.00,5.35
417.00,14092.45,0.09,0.04,0.01,0.01,0.01,0.00,5.38
418.00,14092.42,0.09,0.04,0.01,0.01,0.01,0.00,5.40
419.00,14092.40,0.09,0.04,0.01,0.01,0.01,0.00,5.43
420.00,14092.37,0.09,0.04,0.01,0.01,0.01,0.00,5.45
421.00,14092.34,0.09,0.05,0.01,0.01,0.01,0.00,5.48
422.00,14092.32,0.09,0.05,0.01,0.01,0.01,0.00,5.51
423.00,14092.29,0.09,0.05,0.01,0.01,0.01,0.00,5.53
424.00,14092.26,0.09,0.05,0.01,0.01,0.01,0.00,5.56
425.00,14092.24,0.09,0.05,0.01,0.01,0.01,0.00,5.58
426.00,14092.21,0.09,0.05,0.01,0.01,0.01,0.00,5.61
427.00,14092.18,0.09,0.05,0.01,0.01,0.01,0.00,5.64
428.00,14092.16,0.09,0.05,0.01,0.01,0.01,0.00,5.66
429.00,14092.13,0.09,0.05,0.01,0.01,0.01,0.00,5.69
430.00,14092.10,0.09,0.05,0.01,0.01,0.01,0.00,5.72
431.00,14092.07,0.09,0.05,0.01,0.01,0.01,0.00,5.74
432.00,14092.05,0.09,0.05,0.01,0.01,0.01,0.00,5.77
433.00,14092.02,0.09,0.05,0.01,0.01,0.01,0.00,5.80
434.00,14091.99,0.09,0.05,0.01,0.01,0.01,0.00,5.82
435.00,14091.96,0.10,0.05,0.01,0.01,0.01,0.00,5.85
436.00,14091.94,0.10,0.05,0.01,0.01,0.01,0.00,5.88
437.00,14091.91,0.10,0.05,0.01,0.01,0.01,0.00,5.91
438.00,14091.88,0.10,0.05,0.01,0.01,0.01,0.00,5.93
439.00,14091.85,0.10,0.05,0.01,0.01,0.01,0.00,5.96
440.00,14091.82,0.10,0.05,0.01,0.01,0.01,0.00,5.99
441.00,14091.79,0.10,0.05,0.01,0.01,0.01,0.00,6.02
442.00,14091.77,0.10,0.05,0.01,0.01,0.01,0.00,6.04
443.00,14091.74,0.10,0.05,0.01,0.01,0.01,0.00,6.07
444.00,14091.71,0.10,0.05,0.02,0.02,0.02,0.00,6.10
445.00,14091.68,0.10,0.05,0.02,0.02,0.02,0.00,6.13
446.00,14091.65,0.10,0.05,0.02,0.02,0.02,0.00,6.16
447.00,14091.62,0.10,0.05,0.02,0.02,0.02,0.00,6.18
448.00,14091.59,0.10,0.05,0.02,0.02,0.02,0.00,6.21
449.00,14091.56,0.10,0.05,0.02,0.02,0.02,0.00,6.24
450.00,14091.53,0.10,0.05,0.02,0.02,0.02,0.00,6.27
451.00,14091.50,0.10,0.05,0.02,0.02,0.02,0.00,6.30
452.00,14091.47,0.10,0.05,0.02,0.02,0.02,0.00,6.33
453.00,14091.44,0.10,0.05,0.02,0.02,0.02,0.00,6.36
454.00,14091.41,0.10,0.05,0.02,0.02,0.02,0.00,6.39
455.00,14091.38,0.10,0.05,0.02,0.02,0.02,0.00,6.41
456.00,14091.35,0.10,0.05,0.02,0.02,0.02,0.00,6.44
457.00,14091.32,0.10,0.05,0.02,0.02,0.02,0.00,6.47
458.00,14091.29,0.10,0.05,0.02,0.02,0.02,0.00,6.50
459.00,14091.26,0.10,0.05,0.02,0.02,0.02,0.00,6.53
460.00,14091.23,0.10,0.05,0.02,0.02,0.02,0.00,6.56
461.00,14091.20,0.10,0.05,0.02,0.02,0.02,0.00,6.59
462.00,14091.17,0.10,0.05,0.02,0.02,0.02,0.00,6.62
463.00,14091.14,0.11,0.05,0.02,0.02,0.02,0.00,6.65
464.00,14091.11,0.11,0.05,0.02,0.02,0.02,0.00,6.68
465.00,14091.08,0.11,0.05,0.02,0.02,0.02,0.00,6.71
466.00,14091.05,0.11,0.05,0.02,0.02,0.02,0.00,6.74
467.00,14091.02,0.11,0.05,0.02,0.02,0.02,0.00,6.77
468.00,14090.99,0.11,0.05,0.02,0.02,0.02,0.00,6.80
469.00,14090.95,0.11,0.05,0.02,0.02,0.02,0.00,6.84
470.00,14090.92,0.11,0.05,0.02,0.02,0.02,0.00,6.87
471.00,14090.89,0.11,0.05,0.02,0.02,0.02,0.00,6.90
472.00,14090.86,0.11,0.05,0.02,0.02,0.02,0.00,6.93
473.00,14090.83,0.11,0.05,0.02,0.02,0.02,0.00,6.96
474.00,14090.79,0.11,0.05,0.02,0.02,0.02,0.00,6.99
475.00,14090.76,0.11,0.06,0.02,0.02,0.02,0.00,7.02
476.00,14090.73,0.11,0.06,0.02,0.02,0.02,0.00,7.05
477.00,14090.70,0.11,0.06,0.02,0.02,0.02,0.00,7.09
478.00,14090.66,0.11,0.06,0.02,0.02,0.02,0.00,7.12
479.00,14090.63,0.11,0.06,0.02,0.02,0.02,0.00,7.15
480.00,14090.60,0.11,0.06,0.02,0.02,0.02,0.00,7.18
481.00,14090.57,0.11,0.06,0.02,0.02,0.02,0.00,7.21
482.00,14090.53,0.11,0.06,0.02,0.02,0.02,0.00,7.25
483.00,14090.50,0.11,0.06,0.02,0.02,0.02,0.00,7.28
484.00,14090.47,0.11,0.06,0.02,0.02,0.02,0.00,7.31
485.00,14090.43,0.11,0.06,0.02,0.02,0.02,0.00,7.34
486.00,14090.40,0.11,0.06,0.02,0.02,0.02,0.00,7.38
487.00,14090.37,0.12,0.06,0.02,0.02,0.02,0.00,7.41
488.00,14090.33,0.12,0.06,0.02,0.02,0.02,0.00,7.44
489.00,14090.30,0.12,0.06,0.02,0.02,0.02,0.00,7.48
490.00,14090.26,0.12,0.06,0.02,0.02,0.02,0.00,7.51
491.00,14090.23,0.12,0.06,0.02,0.02,0.02,0.00,7.54
492.00,14090.20,0.12,0.06,0.02,0.02,0.02,0.00,7.58
493.00,14090.16,0.12,0.06,0.02,0.02,0.02,0.00,7.61
494.00,14090.13,0.12,0.06,0.02,0.02,0.02,0.00,7.64
495.00,14090.09,0.12,0.06,0.02,0.02,0.02,0.00,7.68
496.00,14090.06,0.12,0.06,0.02,0.02,0.02,0.00,7.71
497.00,14090.02,0.12,0.06,0.02,0.02,0.02,0.00,7.74
498.00,14089.99,0.12,0.06,0.02,0.02,0.02,0.00,7.78
499.00,14089.95,0.12,0.06,0.02,0.02,0.02,0.00,7.81
500.00,14089.92,0.12,0.06,0.02,0.02,0.02,0.00,7.85
501.00,14089.88,0.12,0.06,0.02,0.02,0.02,0.00,7.88
502.00,14089.84,0.12,0.06,0.02,0.02,0.02,0.00,7.92
503.00,14089.81,0.12,0.06,0.02,0.02,0.02,0.00,7.95
504.00,14089.77,0.12,0.06,0.02,0.02,0.02,0.00,7.99
505.00,14089.74,0.12,0.06,0.02,0.02,0.02,0.00,8.02
506.00,14089.70,0.12,0.06,0.02,0.02,0.02,0.00,8.06
507.00,14089.66,0.12,0.06,0.02,0.02,0.02,0.00,8.09
508.00,14089.63,0.12,0.06,0.02,0.02,0.02,0.00,8.13
509.00,14089.59,0.12,0.06,0.02,0.02,0.02,0.00,8.16
510.00,14089.56,0.13,0.06,0.02,0.02,0.02,0.00,8.20
511.00,14089.52,0.13,0.06,0.02,0.02,0.02,0.00,8.24
512.00,14089.48,0.13,0.06,0.02,0.02,0.02,0.00,8.27
513.00,14089.44,0.13,0.06,0.02,0.02,0.02,0.00,8.31
514.00,14089.41,0.13,0.06,0.02,0.02,0.02,0.00,8.34
515.00,14089.37,0.13,0.06,0.02,0.02,0.02,0.00,8.38
516.00,14089.33,0.13,0.06,0.02,0.02,0.02,0.00,8.42
517.00,14089.29,0.13,0.06,0.02,0.02,0.02,0.00,8.45
518.00,14089.26,0.13,0.06,0.02,0.02,0.02,0.00,8.49
519.00,14089.22,0.13,0.06,0.02,0.02,0.02,0.00,8.53
520.00,14089.18,0.13,0.06,0.02,0.02,0.02,0.00,8.56
521.00,14089.14,0.13,0.07,0.02,0.02,0.02,0.00,8.60
522.00,14089.10,0.13,0.07,0.02,0.02,0.02,0.00,8.64
523.00,14089.07,0.13,0.07,0.02,0.02,0.02,0.00,8.68
524.00,14089.03,0.13,0.07,0.02,0.02,0.02,0.00,8.71
525.00,14088.99,0.13,0.07,0.02,0.02,0.02,0.00,8.75
526.00,14088.95,0.13,0.07,0.02,0.02,0.02,0.00,8.79
527.00,14088.91,0.13,0.07,0.02,0.02,0.02,0.00,8.83
528.00,14088.87,0.13,0.07,0.02,0.02,0.02,0.00,8.87
529.00,14088.83,0.13,0.07,0.02,0.02,0.02,0.00,8.90
530.00,14088.79,0.13,0.07,0.02,0.02,0.02,0.00,8.94
531.00,14088.75,0.14,0.07,0.02,0.02,0.02,0.00,8.98
532.00,14088.71,0.14,0.07,0.02,0.02,0.02,0.00,9.02
533.00,14088.67,0.14,0.07,0.02,0.02,0.02,0.00,9.06
534.00,14088.63,0.14,0.07,0.02,0.02,0.02,0.00,9.10
535.00,14088.59,0.14,0.07,0.02,0.02,0.02,0.00,9.14
536.00,14088.55,0.14,0.07,0.02,0.02,0.02,0.00,9.18
537.00,14088.51,0.14,0.07,0.02,0.02,0.02,0.00,9.22
538.00,14088.47,0.14,0.07,0.02,0.02,0.02,0.00,9.26
539.00,14088.43,0.14,0.07,0.02,0.02,0.02,0.00,9.30
540.00,14088.39,0.14,0.07,0.02,0.02,0.02,0.00,9.34
541.00,14088.35,0.14,0.07,0.02,0.02,0.02,0.00,9.38
542.00,14088.31,0.14,0.07,0.02,0.02,0.02,0.00,9.42
543.00,14088.27,0.14,0.07,0.02,0.02,0.02,0.00,9.46
544.00,14088.23,0.14,0.07,0.02,0.02,0.02,0.00,9.50
545.00,14088.18,0.14,0.07,0.02,0.02,0.02,0.00,9.54
546.00,14088.14,0.14,0.07,0.02,0.02,0.02,0.00,9.58
547.00,14088.10,0.14,0.07,0.02,0.02,0.02,0.00,9.62
548.00,14088.06,0.14,0.07,0.02,0.02,0.02,0.00,9.66
549.00,14088.02,0.14,0.07,0.02,0.02,0.02,0.00,9.70
550.00,14087.97,0.14,0.07,0.02,0.02,0.02,0.00,9.74
551.00,14087.93,0.15,0.07,0.02,0.02,0.02,0.00,9.78
552.00,14087.89,0.15,0.07,0.02,0.02,0.02,0.00,9.83
553.00,14087.85,0.15,0.07,0.02,0.02,0.02,0.00,9.87
554.00,14087.80,0.15,0.07,0.02,0.02,0.02,0.00,9.91
555.00,14087.76,0.15,0.07,0.02,0.02,0.02,0.00,9.95
556.00,14087.72,0.15,0.07,0.02,0.02,0.02,0.00,9.99
557.00,14087.67,0.15,0.07,0.02,0.02,0.02,0.00,10.04
558.00,14087.63,0.15,0.07,0.02,0.02,0.02,0.00,10.08
559.00,14087.58,0.15,0.07,0.02,0.02,0.02,0.00,10.12
560.00,14087.54,0.15,0.08,0.02,0.02,0.02,0.00,10.17
561.00,14087.50,0.15,0.08,0.02,0.02,0.02,0.00,10.21
562.00,14087.45,0.15,0.08,0.02,0.02,0.02,0.00,10.25
563.00,14087.41,0.15,0.08,0.02,0.02,0.02,0.00,10.30
564.00,14087.36,0.15,0.08,0.02,0.02,0.02,0.00,10.34
565.00,14087.32,0.15,0.08,0.02,0.02,0.02,0.00,10.38
566.00,14087.27,0.15,0.08,0.02,0.02,0.02,0.00,10.43
567.00,14087.23,0.15,0.08,0.02,0.02,0.02,0.00,10.47
568.00,14087.18,0.15,0.08,0.02,0.02,0.02,0.00,10.51
569.00,14087.14,0.16,0.08,0.02,0.02,0.02,0.00,10.56
570.00,14087.09,0.16,0.08,0.02,0.02,0.02,0.00,10.60
571.00,14087.05,0.16,0.08,0.02,0.02,0.02,0.00,10.65
572.00,14087.00,0.16,0.08,0.02,0.02,0.02,0.00,10.69
573.00,14086.95,0.16,0.08,0.02,0.02,0.02,0.00,10.74
574.00,14086.91,0.16,0.08,0.02,0.02,0.02,0.00,10.78
575.00,14086.86,0.16,0.08,0.02,0.02,0.02,0.00,10.83
576.00,14086.81,0.16,0.08,0.02,0.02,0.02,0.00,10.87
577.00,14086.77,0.16,0.08,0.02,0.02,0.02,0.00,10.92
578.00,14086.72,0.16,0.08,0.02,0.02,0.02,0.00,10.97
579.00,14086.67,0.16,0.08,0.02,0.02,0.02,0.00,11.01
580.00,14086.63,0.16,0.08,0.02,0.02,0.02,0.00,11.06
581.00,14086.58,0.16,0.08,0.02,0.02,0.02,0.00,11.10
582.00,14086.53,0.16,0.08,0.02,0.02,0.02,0.00,11.15
583.00,14086.48,0.16,0.08,0.02,0.02,0.02,0.00,11.20
584.00,14086.43,0.16,0.08,0.03,0.03,0.03,0.00,11.24
585.00,14086.39,0.16,0.08,0.03,0.03,0.03,0.00,11.29
586.00,14086.34,0.17,0.08,0.03,0.03,0.03,0.00,11.34
587.00,14086.29,0.17,0.08,0.03,0.03,0.03,0.00,11.39
588.00,14086.24,0.17,0.08,0.03,0.03,0.03,0.00,11.43
589.00,14086.19,0.17,0.08,0.03,0.03,0.03,0.00,11.48
590.00,14086.14,0.17,0.08,0.03,0.03,0.03,0.00,11.53
591.00,14086.09,0.17,0.08,0.03,0.03,0.03,0.00,11.58
592.00,14086.04,0.17,0.08,0.03,0.03,0.03,0.00,11.63
593.00,14085.99,0.17,0.08,0.03,0.03,0.03,0.00,11.67
594.00,14085.94,0.17,0.09,0.03,0.03,0.03,0.00,11.72
595.00,14085.89,0.17,0.09,0.03,0.03,0.03,0.00,11.77
596.00,14085.84,0.17,0.09,0.03,0.03,0.03,0.00,11.82
597.00,14085.79,0.17,0.09,0.03,0.03,0.03,0.00,11.87
598.00,14085.74,0.17,0.09,0.03,0.03,0.03,0.00,11.92
599.00,14085.69,0.17,0.09,0.03,0.03,0.03,0.00,11.97
600.00,14085.64,0.17,0.09,0.03,0.03,0.03,0.00,12.02
601.00,14085.59,0.17,0.09,0.03,0.03,0.03,0.00,12.07
602.00,14085.54,0.18,0.09,0.03,0.03,0.03,0.00,12.12
603.00,14085.49,0.18,0.09,0.03,0.03,0.03,0.00,12.17
604.00,14085.44,0.18,0.09,0.03,0.03,0.03,0.00,12.22
605.00,14085.38,0.18,0.09,0.03,0.03,0.03,0.00,12.27
606.00,14085.33,0.18,0.09,0.03,0.03,0.03,0.00,12.32
607.00,14085.28,0.18,0.09,0.03,0.03,0.03,0.00,12.37
608.00,14085.23,0.18,0.09,0.03,0.03,0.03,0.00,12.42
609.00,14085.18,0.18,0.09,0.03,0.03,0.03,0.00,12.47
610.00,14085.12,0.18,0.09,0.03,0.03,0.03,0.00,12.52
611.00,14085.07,0.18,0.09,0.03,0.03,0.03,0.00,12.58
612.00,14085.02,0.18,0.09,0.03,0.03,0.03,0.00,12.63
613.00,14084.96,0.18,0.09,0.03,0.03,0.03,0.00,12.68
614.00,14084.91,0.18,0.09,0.03,0.03,0.03,0.00,12.73
615.00,14084.86,0.18,0.09,0.03,0.03,0.03,0.00,12.78
616.00,14084.80,0.18,0.09,0.03,0.03,0.03,0.00,12.84
617.00,14084.75,0.18,0.09,0.03,0.03,0.03,0.00,12.89
618.00,14084.69,0.19,0.09,0.03,0.03,0.03,0.00,12.94
619.00,14084.64,0.19,0.09,0.03,0.03,0.03,0.00,13.00
620.00,14084.58,0.19,0.09,0.03,0.03,0.03,0.00,13.05
621.00,14084.53,0.19,0.09,0.03,0.03,0.03,0.00,13.10
622.00,14084.47,0.19,0.09,0.03,0.03,0.03,0.00,13.16
623.00,14084.42,0.19,0.09,0.03,0.03,0.03,0.00,13.21
624.00,14084.36,0.19,0.09,0.03,0.03,0.03,0.00,13.27
625.00,14084.31,0.19,0.10,0.03,0.03,0.03,0.00,13.32
626.00,14084.25,0.19,0.10,0.03,0.03,0.03,0.00,13.37
627.00,14084.20,0.19,0.10,0.03,0.03,0.03,0.00,13.43
628.00,14084.14,0.19,0.10,0.03,0.03,0.03,0.00,13.48
629.00,14084.08,0.19,0.10,0.03,0.03,0.03,0.00,13.54
630.00,14084.03,0.19,0.10,0.03,0.03,0.03,0.00,13.59
631.00,14083.97,0.19,0.10,0.03,0.03,0.03,0.00,13.65
632.00,14083.91,0.20,0.10,0.03,0.03,0.03,0.00,13.71
633.00,14083.85,0.20,0.10,0.03,0.03,0.03,0.00,13.76
634.00,14083.80,0.20,0.10,0.03,0.03,0.03,0.00,13.82
635.00,14083.74,0.20,0.10,0.03,0.03,0.03,0.00,13.87
636.00,14083.68,0.20,0.10,0.03,0.03,0.03,0.00,13.93
637.00,14083.62,0.20,0.10,0.03,0.03,0.03,0.00,13.99
638.00,14083.56,0.20,0.10,0.03,0.03,0.03,0.00,14.04
639.00,14083.51,0.20,0.10,0.03,0.03,0.03,0.00,14.10
640.00,14083.45,0.20,0.10,0.03,0.03,0.03,0.00,14.16
641.00,14083.39,0.20,0.10,0.03,0.03,0.03,0.00,14.22
642.00,14083.33,0.20,0.10,0.03,0.03,0.03,0.00,14.27
643.00,14083.27,0.20,0.10,0.03,0.03,0.03,0.00,14.33
644.00,14083.21,0.20,0.10,0.03,0.03,0.03,0.00,14.39
645.00,14083.15,0.20,0.10,0.03,0.03,0.03,0.00,14.45
646.00,14083.09,0.21,0.10,0.03,0.03,0.03,0.00,14.51
647.00,14083.03,0.21,0.10,0.03,0.03,0.03,0.00,14.57
648.00,14082.97,0.21,0.10,0.03,0.03,0.03,0.00,14.63
649.00,14082.91,0.21,0.10,0.03,0.03,0.03,0.00,14.69
650.00,14082.85,0.21,0.10,0.03,0.03,0.03,0.00,14.74
651.00,14082.79,0.21,0.10,0.03,0.03,0.03,0.00,14.80
652.00,14082.72,0.21,0.10,0.03,0.03,0.03,0.00,14.86
653.00,14082.66,0.21,0.11,0.03,0.03,0.03,0.00,14.92
654.00,14082.60,0.21,0.11,0.03,0.03,0.03,0.00,14.99
655.00,14082.54,0.21,0.11,0.03,0.03,0.03,0.00,15.05
656.00,14082.48,0.21,0.11,0.03,0.03,0.03,0.00,15.11
657.00,14082.41,0.21,0.11,0.03,0.03,0.03,0.00,15.17
658.00,14082.35,0.21,0.11,0.03,0.03,0.03,0.00,15.23
659.00,14082.29,0.22,0.11,0.03,0.03,0.03,0.00,15.29
660.00,14082.22,0.22,0.11,0.03,0.03,0.03,0.00,15.35
661.00,14082.16,0.22,0.11,0.03,0.03,0.03,0.00,15.41
662.00,14082.10,0.22,0.11,0.03,0.03,0.03,0.00,15.48
663.00,14082.03,0.22,0.11,0.03,0.03,0.03,0.00,15.54
664.00,14081.97,0.22,0.11,0.03,0.03,0.03,0.00,15.60
665.00,14081.91,0.22,0.11,0.03,0.03,0.03,0.00,15.66
666.00,14081.84,0.22,0.11,0.03,0.03,0.03,0.00,15.73
667.00,14081.78,0.22,0.11,0.03,0.03,0.03,0.00,15.79
668.00,14081.71,0.22,0.11,0.03,0.03,0.03,0.00,15.85
669.00,14081.65,0.22,0.11,0.03,0.03,0.03,0.00,15.92
670.00,14081.58,0.22,0.11,0.03,0.03,0.03,0.00,15.98
671.00,14081.51,0.22,0.11,0.03,0.03,0.03,0.00,16.05
672.00,14081.45,0.23,0.11,0.03,0.03,0.03,0.00,16.11
673.00,14081.38,0.23,0.11,0.03,0.03,0.03,0.00,16.17
674.00,14081.32,0.23,0.11,0.03,0.03,0.03,0.00,16.24
675.00,14081.25,0.23,0.11,0.03,0.03,0.03,0.00,16.30
676.00,14081.18,0.23,0.11,0.03,0.03,0.03,0.00,16.37
677.00,14081.11,0.23,0.11,0.04,0.04,0.04,0.00,16.44
678.00,14081.05,0.23,0.12,0.04,0.04,0.04,0.00,16.50
679.00,14080.98,0.23,0.12,0.04,0.04,0.04,0.00,16.57
680.00,14080.91,0.23,0.12,0.04,0.04,0.04,0.00,16.63
681.00,14080.84,0.23,0.12,0.04,0.04,0.04,0.00,16.70
682.00,14080.78,0.23,0.12,0.04,0.04,0.04,0.00,16.77
683.00,14080.71,0.23,0.12,0.04,0.04,0.04,0.00,16.83
684.00,14080.64,0.24,0.12,0.04,0.04,0.04,0.00,16.90
685.00,14080.57,0.24,0.12,0.04,0.04,0.04,0.00,16.97
686.00,14080.50,0.24,0.12,0.04,0.04,0.04,0.00,17.04
687.00,14080.43,0.24,0.12,0.04,0.04,0.04,0.00,17.10
688.00,14080.36,0.24,0.12,0.04,0.04,0.04,0.00,17.17
689.00,14080.29,0.24,0.12,0.04,0.04,0.04,0.00,17.24
690.00,14080.22,0.24,0.12,0.04,0.04,0.04,0.00,17.31
691.00,14080.15,0.24,0.12,0.04,0.04,0.04,0.00,17.38
692.00,14080.08,0.24,0.12,0.04,0.04,0.04,0.00,17.45
693.00,14080.01,0.24,0.12,0.04,0.04,0.04,0.00,17.52
694.00,14079.93,0.24,0.12,0.04,0.04,0.04,0.00,17.59
695.00,14079.86,0.24,0.12,0.04,0.04,0.04,0.00,17.66
696.00,14079.79,0.25,0.12,0.04,0.04,0.04,0.00,17.73
697.00,14079.72,0.25,0.12,0.04,0.04,0.04,0.00,17.80
698.00,14079.65,0.25,0.12,0.04,0.04,0.04,0.00,17.87
699.00,14079.57,0.25,0.12,0.04,0.04,0.04,0.00,17.94
700.00,14079.50,0.25,0.12,0.04,0.04,0.04,0.00,18.01
